Steps,Policy/Entropy,Environment/Episode Length,Policy/Extrinsic Value Estimate,Policy/Curiosity Value Estimate,Environment/Cumulative Reward,Policy/Extrinsic Reward,Policy/Curiosity Reward,Losses/Value Loss,Losses/Policy Loss,Policy/Learning Rate,Losses/Curiosity Forward Loss,Losses/Curiosity Inverse Loss,Is Training
10000,2.1777432,127.38095238095238,-0.3718301,0.012036248,-7.196684269678025,-7.196684269678025,0.09152315887400791,0.3169109,0.09936023,4.999347e-05,0.09940757,1.3698409,1.0
20000,2.0216138,361.0,-1.1692731,0.103234895,-10.052631103992463,-10.052631103992463,0.6571793865412474,0.05684018,0.102931835,4.9981358e-05,0.21871981,1.2938019,1.0
30000,1.8203382,434.64285714285717,-1.1562141,0.17164746,-8.459540443761009,-8.459540443761009,0.9248210294037043,0.040476788,0.09924686,4.9968083e-05,0.19830398,1.2551076,1.0
40000,1.6634009,446.65384615384613,-0.7277433,0.21614705,-5.842649892251939,-5.842649892251939,1.0571966505087038,0.07491191,0.09880991,4.9956274e-05,0.1874738,1.1289428,1.0
50000,1.6045364,502.7,-0.42076614,0.20667143,-5.498998034260248,-5.498998034260248,0.9622520507716781,0.055259682,0.09615425,4.9944367e-05,0.18180732,1.0567609,1.0
60000,1.580486,215.8421052631579,-0.27955332,0.1959134,-0.46510012100521925,-0.46510012100521925,0.41571079319845394,0.11901915,0.09626431,4.9931306e-05,0.15471897,0.9880431,1.0
70000,1.5327637,497.53846153846155,-0.18154909,0.16487493,-1.0997741602349893,-1.0997741602349893,0.8147972252774287,0.07391073,0.09906446,4.9918202e-05,0.12130628,1.0941378,1.0
80000,1.4731811,752.7,-0.16547032,0.15336692,-3.6515254660386547,-3.6515254660386547,1.152110194688794,0.11437054,0.09697965,4.9906543e-05,0.13484503,0.9481515,1.0
90000,1.4368963,549.0,-0.07428182,0.16517538,-0.48272414417718224,-0.48272414417718224,0.979476617442237,0.0916644,0.09881622,4.9894734e-05,0.1487318,0.92845136,1.0
100000,1.3670822,367.58620689655174,-0.08110055,0.1551969,-0.21589211978744588,-0.21589211978744588,0.5027757182101125,0.09855544,0.09611396,4.988148e-05,0.12788686,0.89906913,1.0
110000,1.3194166,300.8695652173913,0.013509291,0.1542034,0.13313658563711178,0.13313658563711178,0.4441498621705581,0.11887215,0.096168146,4.986821e-05,0.15098727,0.79420674,1.0
120000,1.3255465,517.5416666666666,-0.029038996,0.15868196,-0.8510234636199364,-0.8510234636199364,0.8721887385915034,0.088251874,0.09952373,4.9856208e-05,0.13803095,0.7594521,1.0
130000,1.3309611,414.14814814814815,0.049018774,0.15043204,-0.049318952961078764,-0.049318952961078764,0.552318442290319,0.09639559,0.09363458,4.984439e-05,0.13440807,0.75288427,1.0
140000,1.3627187,342.5,-0.03864774,0.12399859,-0.1547081149744576,-0.1547081149744576,0.45097516191243714,0.053369142,0.09423615,4.983117e-05,0.098685466,0.94697726,1.0
150000,1.3944579,303.5263157894737,-0.051393036,0.11428104,0.19506185632214412,0.19506185632214412,0.3881815026612266,0.06878418,0.09159726,4.9817994e-05,0.10544815,0.92180455,1.0
160000,1.3915222,530.6086956521739,-0.073553875,0.1142537,-0.16842516537334096,-0.16842516537334096,0.6075079931533369,0.111182176,0.09022634,4.9806295e-05,0.10860987,0.9450393,1.0
170000,1.3502444,397.5483870967742,0.12964733,0.14965399,1.2714029020990472,1.2714029020990472,0.6217577249665435,0.13237129,0.09292344,4.979464e-05,0.15776655,0.75867563,1.0
180000,1.3962494,232.0,-0.00808664,0.16826859,-0.08003696814617291,-0.08003696814617291,0.33524554833601194,0.24718404,0.096396476,4.97816e-05,0.1621624,0.7793709,1.0
190000,1.3888993,327.1304347826087,-0.03554719,0.14922613,0.3875007795674349,0.3875007795674349,0.47608946420950815,0.12999144,0.097287074,4.9768434e-05,0.12670611,0.7919875,1.0
200000,1.372213,281.7307692307692,0.009953209,0.13211279,-0.05442015937682529,-0.05442015937682529,0.4533522098253553,0.08153447,0.09524218,4.9755407e-05,0.12326461,0.8013751,1.0
210000,1.3362838,195.73684210526315,-0.048925422,0.1429066,-0.3349579486054195,-0.3349579486054195,0.26613548252043984,0.073991284,0.10703826,4.9743572e-05,0.14932328,0.66251004,1.0
220000,1.2761153,201.9090909090909,0.039290734,0.15826641,0.6241194128403701,0.6241194128403701,0.3406667024458081,0.12148099,0.10148229,4.9731792e-05,0.15642367,0.576381,1.0
230000,1.2762549,198.9047619047619,0.074983224,0.166307,0.7112178382729846,0.7112178382729846,0.3582448782031168,0.13405485,0.09738797,4.9718634e-05,0.15767449,0.53274834,1.0
240000,1.3977548,199.47368421052633,0.17314304,0.15322709,1.8115077467902037,1.8115077467902037,0.31279397870314013,0.10893168,0.09683369,4.9705606e-05,0.13716376,0.74410737,1.0
250000,1.4275069,601.0,0.31996456,0.13777797,2.1915601844088126,2.1915601844088126,0.8732257062241565,0.07320675,0.09354033,4.9693783e-05,0.09790352,0.83516407,1.0
260000,1.4127313,291.60869565217394,0.3024065,0.11933381,2.101648579893934,2.101648579893934,0.368749414522545,0.065942004,0.095226884,4.9682036e-05,0.09935661,0.8735553,1.0
270000,1.4850619,162.13636363636363,0.549845,0.119144045,3.0215600799784053,3.0215600799784053,0.23370703049956568,0.033461444,0.09720614,4.9668906e-05,0.11010923,0.86734045,1.0
280000,1.4857397,199.48387096774192,0.5698586,0.11914482,3.0504210282463107,3.0504210282463107,0.26551364771688485,0.2946459,0.0967192,4.965577e-05,0.10467341,0.8730011,1.0
290000,1.5502459,751.1,0.60500765,0.10842942,3.8105004018067796,3.8105004018067796,0.8843048719456419,0.05613768,0.096963696,4.964387e-05,0.08549972,1.0455753,1.0
300000,1.5261718,678.3333333333334,0.69474936,0.094101,4.4781462028242975,4.4781462028242975,0.727024856539044,0.024474602,0.100526825,4.9632195e-05,0.07137113,1.052549,1.0
310000,1.5650507,298.7391304347826,0.48813683,0.07633986,2.3000512180822867,2.3000512180822867,0.2693064506646529,0.10018511,0.09867643,4.96192e-05,0.0631608,1.1696432,1.0
320000,1.5977813,456.7368421052632,0.6854142,0.07713585,5.2990606302857,5.2990606302857,0.48352122485423227,0.021937793,0.09581055,4.9606384e-05,0.07084117,1.1384761,1.0
330000,1.6085379,610.625,0.3094432,0.08690543,1.5914746028574929,1.5914746028574929,0.6831051440567,0.09127214,0.094913036,4.9593462e-05,0.09537344,1.0660315,1.0
340000,1.6578139,326.5833333333333,0.81154364,0.09855624,4.958917055577982,4.958917055577982,0.34343684061119956,0.023809273,0.10120791,4.9580325e-05,0.070528984,1.0616128,1.0
350000,1.6085624,171.33333333333334,0.775654,0.08596596,3.6296256967959684,3.6296256967959684,0.15426021086653538,0.0194331,0.098717734,4.9568524e-05,0.073942445,1.1256747,1.0
360000,1.4981751,657.40625,0.740644,0.094541006,3.4284880675088756,3.4284880675088756,0.5572519533452578,0.040144593,0.09432827,4.955692e-05,0.095829144,0.95467985,1.0
370000,1.3819882,197.65625,0.89578056,0.1166207,3.632814783413481,3.632814783413481,0.22112659058984718,0.057247765,0.09579671,4.9543847e-05,0.12542906,0.7337071,1.0
380000,1.4082512,238.90322580645162,0.9237245,0.11871954,4.260718915504574,4.260718915504574,0.26118388555703625,0.08392328,0.0946526,4.9530696e-05,0.10624546,0.78610736,1.0
390000,1.431532,308.8157894736842,0.79529476,0.11564545,3.049179107776578,3.049179107776578,0.36110506271219683,0.09420628,0.09313972,4.9518716e-05,0.10705235,0.83587074,1.0
400000,1.345417,343.06060606060606,0.93067557,0.122237936,3.726074879334001,3.726074879334001,0.3692515827715397,0.08741516,0.09321067,4.9506896e-05,0.1176301,0.74944323,1.0
410000,1.3978012,181.80769230769232,0.9414717,0.12119369,4.477417347107139,4.477417347107139,0.21927339947209334,0.03595083,0.09481765,4.9493836e-05,0.10721288,0.7390405,1.0
420000,1.4041041,231.62962962962962,0.94646746,0.11609793,4.475266147048361,4.475266147048361,0.26280886590337527,0.072185084,0.09357761,4.9480714e-05,0.099673666,0.87375623,1.0
430000,1.4057975,669.3513513513514,0.8892159,0.12078929,3.223487376461513,3.223487376461513,0.6843871960897415,0.043898083,0.096218295,4.946777e-05,0.11570112,0.76021457,1.0
440000,1.466968,223.0857142857143,0.63192374,0.12545972,2.2500013583638903,2.2500013583638903,0.29839310001781477,0.08127849,0.093913324,4.9455994e-05,0.102954656,0.7920792,1.0
450000,1.3965973,191.0909090909091,0.6866926,0.12903932,3.07846161579473,3.07846161579473,0.2405722161938408,0.05214002,0.09725793,4.944443e-05,0.1260012,0.8269769,1.0
460000,1.4144255,213.26923076923077,0.971936,0.12249444,5.092155561392491,5.092155561392491,0.2116907040029764,0.023865506,0.09492045,4.943144e-05,0.08648646,0.82954913,1.0
470000,1.490488,573.8518518518518,0.91767097,0.11014205,4.566427117764655,4.566427117764655,0.6308466559275985,0.0349546,0.09485107,4.9418344e-05,0.08769371,0.87866145,1.0
480000,1.442088,175.6875,0.89677733,0.11097904,3.8770048075972716,3.8770048075972716,0.18672770899138413,0.041044332,0.10291955,4.9406473e-05,0.09900656,0.8157678,1.0
490000,1.458267,364.81081081081084,0.92347693,0.11544826,3.369819259391623,3.369819259391623,0.41994672024471535,0.11334258,0.09629217,4.939468e-05,0.10749289,0.76779836,1.0
500000,1.4714001,314.21875,0.76787245,0.12680142,2.66507332835822,2.66507332835822,0.36943437797162915,0.291771,0.09169852,4.9381535e-05,0.12158171,0.7153037,1.0
510000,1.4676634,400.0689655172414,0.8441168,0.13150191,4.112596186716411,4.112596186716411,0.4619179299874564,0.054013364,0.09671914,4.9368515e-05,0.117425345,0.70000035,1.0
520000,1.4377931,199.06060606060606,0.8980518,0.13269266,3.4993418242424337,3.4993418242424337,0.23903825106497287,0.08827005,0.09895337,4.9355516e-05,0.12075152,0.7072657,1.0
530000,1.3563616,123.30555555555556,0.7367569,0.13583283,2.780178455070553,2.780178455070553,0.16257124035208412,0.056215126,0.09738386,4.9343915e-05,0.12979424,0.6234796,1.0
540000,1.2880002,253.79310344827587,1.0219781,0.14241153,5.050603493029045,5.050603493029045,0.31752802486309,0.13559969,0.10343196,4.9332342e-05,0.12768948,0.5638976,1.0
550000,1.362297,141.52,0.9730116,0.13973416,4.886279142074639,4.886279142074639,0.19828604805409739,0.03886874,0.09634993,4.9319282e-05,0.12757578,0.57702374,1.0
560000,1.4721649,136.16666666666666,0.87719643,0.13140489,4.297896587192857,4.297896587192857,0.1408829139691079,0.019689536,0.09567318,4.9306145e-05,0.1135596,0.6214198,1.0
570000,1.5331111,175.4,0.83592016,0.12186959,3.6170687801064956,3.6170687801064956,0.18750424182896192,0.117177054,0.099026725,4.9293078e-05,0.09495302,0.7101895,1.0
580000,1.5176729,258.6363636363636,0.736166,0.113671996,2.9000604685496874,2.9000604685496874,0.3158151024047611,0.096127614,0.097144105,4.9281352e-05,0.09375805,0.72278094,1.0
590000,1.50724,357.24242424242425,0.83388805,0.11166998,3.7436423840748843,3.7436423840748843,0.45170365027010895,0.10171808,0.097124,4.9269678e-05,0.106094815,0.7710634,1.0
600000,1.5266078,333.94444444444446,0.80711347,0.104312494,3.289401937278415,3.289401937278415,0.33016525513958184,0.03884316,0.10167505,4.9256556e-05,0.0887671,0.8722025,1.0
610000,1.606572,149.46153846153845,0.5279427,0.08996626,4.39514361880806,4.39514361880806,0.2033105068507471,0.03668662,0.09744042,4.92434e-05,0.071077265,0.99769336,1.0
620000,1.610685,387.0,0.36062148,0.09437405,1.0549618547848911,1.0549618547848911,0.49831095116193563,0.057503395,0.09733225,4.9230282e-05,0.096489035,0.9060817,1.0
630000,1.5393882,261.04347826086956,0.73394555,0.10349322,5.01177339829404,5.01177339829404,0.2510067246548715,0.033614054,0.10071126,4.921855e-05,0.080760255,0.87512404,1.0
640000,1.4871845,209.72413793103448,0.93404907,0.10926313,4.311054047970883,4.311054047970883,0.19988938814815904,0.060761265,0.09508565,4.9206974e-05,0.09912733,0.81656635,1.0
650000,1.5597574,245.04,0.79312474,0.10811269,4.088353693094779,4.088353693094779,0.2101899016609726,0.02739666,0.09646575,4.9193768e-05,0.09498684,0.80762446,1.0
660000,1.5526364,790.48,0.908137,0.10462696,5.049503380658509,5.049503380658509,0.8408065637922846,0.02385819,0.098396406,4.918043e-05,0.0912863,0.8193167,1.0
670000,1.5481497,332.0833333333333,0.8353928,0.10098603,4.1426111163207295,4.1426111163207295,0.3313735428188617,0.09835884,0.09496385,4.9168466e-05,0.09272366,0.7939285,1.0
680000,1.5212636,505.27272727272725,0.9045251,0.09829536,4.398066955577685,4.398066955577685,0.5390827594092116,0.09902445,0.09786082,4.91567e-05,0.092084706,0.8314978,1.0
690000,1.5902485,282.56666666666666,0.9191879,0.103146985,3.525058828609376,3.525058828609376,0.39655668249015436,0.10174934,0.09342144,4.9143506e-05,0.18159302,0.9362691,1.0
700000,1.530861,528.5714285714286,0.917831,0.12346274,4.375079419051949,4.375079419051949,0.5597089311427057,0.04118858,0.09942245,4.9130427e-05,0.09569308,0.81679785,1.0
710000,1.4819729,754.1290322580645,0.88119096,0.11610831,3.954465713839557,3.954465713839557,0.828117761907408,0.06497645,0.096939474,4.9118724e-05,0.09849962,0.7244872,1.0
720000,1.4893825,324.0,0.8763539,0.11106096,3.1776211764112463,3.1776211764112463,0.3139691618287708,0.15990606,0.09733239,4.910701e-05,0.09619902,0.7218139,1.0
730000,1.5134853,171.5,0.92725927,0.107391916,3.844988226256847,3.844988226256847,0.15401239845959935,0.041709088,0.096887894,4.909397e-05,0.08997501,0.74149966,1.0
740000,1.4900036,175.7,0.874633,0.10816667,3.9154638224090927,3.9154638224090927,0.17604853968756895,0.16776457,0.09363563,4.9080758e-05,0.09457078,0.79565674,1.0
750000,1.526215,161.31428571428572,0.7882139,0.102362014,3.2568425783849553,3.2568425783849553,0.16729373291766803,0.09527754,0.10093341,4.9067807e-05,0.08790263,0.8046215,1.0
760000,1.5265963,224.2258064516129,0.9154194,0.094664104,4.583080385946922,4.583080385946922,0.21217835624138975,0.10333982,0.098181315,4.9056172e-05,0.075219505,0.8323899,1.0
770000,1.4686751,318.075,0.9136635,0.09321816,3.3048570784122626,3.3048570784122626,0.2889823061324513,0.057764284,0.0970909,4.9044396e-05,0.08315585,0.7731067,1.0
780000,1.3792543,146.6451612903226,0.98970544,0.0982132,4.028991203302212,4.028991203302212,0.12232180827413686,0.06846267,0.10118461,4.903131e-05,0.09873368,0.6828221,1.0
790000,1.3402966,200.84848484848484,0.97205895,0.10766144,3.8958964810322785,3.8958964810322785,0.22210978719348873,0.11565296,0.09846604,4.9018206e-05,0.10503336,0.62607735,1.0
800000,1.3564329,136.4102564102564,0.9090633,0.11007843,3.3919056123802003,3.3919056123802003,0.15516812919231598,0.18925402,0.09805793,4.9005284e-05,0.10792847,0.6160842,1.0
810000,1.4056602,142.61290322580646,0.9436978,0.10887779,3.044745938833653,3.044745938833653,0.15100771208263694,0.18245888,0.09048429,4.8993574e-05,0.092882775,0.6709124,1.0
820000,1.4613198,225.43333333333334,0.9197691,0.106943406,4.628076148795742,4.628076148795742,0.2258887213076754,0.100510776,0.094736986,4.8981834e-05,0.09259047,0.67355204,1.0
830000,1.4676175,193.15151515151516,0.91019535,0.10743304,3.4341422548265736,3.4341422548265736,0.19849726197528927,0.06328227,0.0934284,4.89689e-05,0.09365801,0.71891916,1.0
840000,1.4520612,212.7741935483871,0.9654982,0.10513069,4.3573298713203235,4.3573298713203235,0.2612020939498419,0.0775553,0.09456855,4.8955862e-05,0.113490894,0.70644635,1.0
850000,1.3560138,629.0,0.8919348,0.1187177,4.634286432074284,4.634286432074284,0.7348099208320491,0.057071365,0.0960639,4.8942795e-05,0.12112222,0.6029253,1.0
860000,1.3176228,256.6511627906977,0.95593774,0.12412497,3.1766335321422003,3.1766335321422003,0.2939251225257596,0.08440854,0.10234982,4.893096e-05,0.089662805,0.6401772,1.0
870000,1.2105007,210.68965517241378,1.0501812,0.11938509,4.310672663878724,4.310672663878724,0.21863450849195942,0.058710296,0.10032783,4.891929e-05,0.108272,0.52327716,1.0
880000,1.1308482,125.3125,0.89635825,0.12154772,3.5270445650725852,3.5270445650725852,0.1202368397553073,0.078043655,0.09793569,4.8906244e-05,0.10806563,0.4640781,1.0
890000,1.017331,208.52777777777777,0.87730867,0.11749401,3.301194448138133,3.301194448138133,0.22108915148169866,0.07831978,0.09810544,4.8893e-05,0.106320664,0.42855555,1.0
900000,1.0045846,141.48275862068965,1.0308468,0.11773829,4.157470369064682,4.157470369064682,0.15793722472153604,0.11978186,0.09591921,4.888127e-05,0.109024845,0.37455747,1.0
910000,0.926351,195.3846153846154,0.9249275,0.11538026,3.8831915092466662,3.8831915092466662,0.2502923275236614,0.04799399,0.095560536,4.8869533e-05,0.102585614,0.38695914,1.0
920000,0.88491404,254.5909090909091,0.584271,0.13345015,3.271050927185239,3.271050927185239,0.29553811806015967,0.19033083,0.09319247,4.8856316e-05,0.15679272,0.36728868,1.0
930000,0.9212582,161.30769230769232,0.6067905,0.12210443,3.235510590037428,3.235510590037428,0.1884539164520902,0.050546814,0.09638495,4.8843132e-05,0.10782689,0.34987628,1.0
940000,0.98212713,284.3529411764706,0.58465236,0.12210592,4.604266169124886,4.604266169124886,0.29256519664298086,0.054913543,0.09247558,4.8831338e-05,0.15588397,0.3709204,1.0
950000,1.1618748,150.26666666666668,0.7913869,0.12005144,4.20273556602798,4.20273556602798,0.16201576569583268,0.10601233,0.099534266,4.8819427e-05,0.098157816,0.4348623,1.0
960000,1.2886798,317.62857142857143,0.8155011,0.10951236,3.214166139407028,3.214166139407028,0.3259945162526358,0.15040249,0.09430901,4.8806174e-05,0.08209179,0.5697036,1.0
970000,1.3100044,325.6470588235294,0.7788778,0.099146105,3.4700819730742274,3.4700819730742274,0.437095122059275,0.07369976,0.10160843,4.879316e-05,0.08299232,0.6578892,1.0
980000,1.3053566,143.41666666666666,0.7569375,0.09678218,4.320004285392908,4.320004285392908,0.1435441566104798,0.26462528,0.09448324,4.8781447e-05,0.08991057,0.6065671,1.0
990000,1.3765355,284.7241379310345,0.87823397,0.09187701,4.041823713730385,4.041823713730385,0.28088055970535303,0.04065111,0.09802245,4.876963e-05,0.07330228,0.6627177,1.0
1000000,1.2871956,233.25,0.88132787,0.08805345,3.7311954575166175,3.7311954575166175,0.19761360373065276,0.06256224,0.101769425,4.8756545e-05,0.0849505,0.6728294,1.0
1010000,1.3387388,101.39285714285714,0.89345896,0.09302289,3.9281481936445095,3.9281481936445095,0.09214665414953872,0.16291499,0.09627314,4.874357e-05,0.07988355,0.6550884,1.0
1020000,1.3500085,246.19354838709677,0.880055,0.08972676,4.177211855734165,4.177211855734165,0.2728169082573503,0.1881024,0.09784902,4.8730544e-05,0.08085676,0.67508453,1.0
1030000,1.3640938,177.29032258064515,0.77916837,0.09123313,3.328325447598827,3.328325447598827,0.19679652067321923,0.09538902,0.09511863,4.8718925e-05,0.09385496,0.7166074,1.0
1040000,1.3492662,608.3846153846154,0.74672776,0.09361961,4.122481655561249,4.122481655561249,0.5914523211406328,0.062538564,0.09416307,4.870717e-05,0.08127677,0.7025436,1.0
1050000,1.4118818,219.125,0.58476204,0.09045302,2.9128814158312966,2.9128814158312966,0.21904648520285264,0.06695914,0.10232218,4.8694135e-05,0.087943435,0.7307267,1.0
1060000,1.429574,351.84615384615387,0.8307131,0.098735854,4.980297324035319,4.980297324035319,0.30682708920096047,0.07422726,0.100277044,4.8681162e-05,0.07785768,0.7347261,1.0
1070000,1.4122884,256.875,0.75982445,0.08840406,2.975320597954364,2.975320597954364,0.2383072271477431,0.089611635,0.100291274,4.866826e-05,0.07703511,0.725695,1.0
1080000,1.3804591,485.05263157894734,0.5765147,0.090489574,1.7508530721144164,1.7508530721144164,0.513253149494584,0.16945748,0.09721344,4.865521e-05,0.08416678,0.6614936,1.0
1090000,1.3643547,353.7037037037037,0.7365095,0.088896796,3.437347927616766,3.437347927616766,0.3235787024066128,0.13180763,0.0903304,4.864346e-05,0.082470365,0.6420743,1.0
1100000,1.3550779,189.74193548387098,0.9585544,0.08654406,4.549640818642109,4.549640818642109,0.15908622101596848,0.13012679,0.095628284,4.8631693e-05,0.08517228,0.6084968,1.0
1110000,1.3036497,158.88,0.97506124,0.09550846,5.267900094687578,5.267900094687578,0.14540872785101572,0.06550705,0.095443286,4.861851e-05,0.088452324,0.57185453,1.0
1120000,1.3198593,191.88235294117646,0.9497229,0.09599715,3.495897295928872,3.495897295928872,0.16045601016787045,0.06121536,0.09985809,4.8605245e-05,0.07305254,0.6720486,1.0
1130000,1.2527196,230.07407407407408,0.9795154,0.09545247,4.481336035876103,4.481336035876103,0.18096285538221882,0.053705297,0.10308242,4.8593385e-05,0.20993073,0.6417954,1.0
1140000,1.2246382,226.34782608695653,0.6698072,0.10050381,3.647449788813631,3.647449788813631,0.29706296551334477,0.07240935,0.10096574,4.8581416e-05,0.08422407,0.58366925,1.0
1150000,1.1659566,139.6590909090909,0.7852739,0.0948556,2.5842502601959656,2.5842502601959656,0.11711613907323755,0.09528975,0.09539248,4.856832e-05,0.07696398,0.5722693,1.0
1160000,1.0780002,142.30769230769232,0.946754,0.09288306,4.786438222056152,4.786438222056152,0.11759978279264437,0.05933871,0.09737643,4.8555274e-05,0.11025318,0.4703409,1.0
1170000,0.9760084,155.83333333333334,0.79652286,0.094647065,3.791431735537774,3.791431735537774,0.18852252326124816,0.04275102,0.094104186,4.854359e-05,0.0871198,0.38853648,1.0
1180000,0.9318481,104.3,0.94261026,0.1003419,5.351857558070194,5.351857558070194,0.06360258059465282,0.029912094,0.10080379,4.8531685e-05,0.09253719,0.35742626,1.0
1190000,0.9550631,257.2608695652174,0.95807797,0.097982965,5.635511158033615,5.635511158033615,0.22636955296215805,0.017749056,0.08985945,4.8518537e-05,0.0864687,0.3837371,1.0
1200000,1.0757148,122.5,0.9141625,0.098372184,6.217403961694799,6.217403961694799,0.07472639821935445,0.10751359,0.08815174,4.850564e-05,0.085261956,0.4249465,1.0
1210000,1.0670891,79.9,0.8557049,0.09365727,5.879281959135551,5.879281959135551,0.05884212715900503,0.019955076,0.09395767,4.8493937e-05,0.08825539,0.46681523,1.0
1220000,1.1637143,407.5833333333333,0.98696285,0.09332742,5.483935151974322,5.483935151974322,0.37817570005427115,0.09958552,0.0924866,4.848201e-05,0.08774789,0.4699762,1.0
1230000,1.285624,337.03125,0.8394884,0.092622176,3.579166372031351,3.579166372031351,0.36181649823394707,0.14963913,0.09872465,4.8468763e-05,0.08408417,0.5780236,1.0
1240000,1.2911336,127.16,0.9898659,0.08969275,4.867771244523633,4.867771244523633,0.09203876504426052,0.16329122,0.09747578,4.8455746e-05,0.077527806,0.63960683,1.0
1250000,1.2387378,207.70833333333334,0.96661335,0.08614148,4.997947775524877,4.997947775524877,0.21631766116479412,0.03383342,0.092563644,4.8442842e-05,0.08757588,0.59198177,1.0
1260000,1.2797043,466.2962962962963,0.99143016,0.08970132,4.836919015443904,4.836919015443904,0.38854262903677644,0.21851374,0.10260448,4.8431124e-05,0.07663779,0.61584294,1.0
1270000,1.2788465,1130.3870967741937,0.88782865,0.08961641,3.358106806798341,3.358106806798341,1.1619145714251014,0.21996763,0.09355396,4.8419377e-05,0.07724874,0.6127032,1.0
1280000,1.2560996,167.51724137931035,0.8671687,0.086392306,3.7678219458895996,3.7678219458895996,0.15064066428091488,0.18769926,0.0996397,4.8406233e-05,0.07558671,0.64001644,1.0
1290000,1.2547297,127.0,0.93034863,0.08483592,4.263895043249552,4.263895043249552,0.09116465351518047,0.1452189,0.09897153,4.839329e-05,0.07738833,0.6536107,1.0
1300000,1.2926583,365.74074074074076,0.9207219,0.08550313,4.690026728059543,4.690026728059543,0.2871575897938951,0.10035495,0.089071035,4.8380356e-05,0.07131714,0.6960096,1.0
1310000,1.3095374,257.3666666666667,0.9466201,0.08749741,4.136039201734863,4.136039201734863,0.3080731418759873,0.16056529,0.09200162,4.8368696e-05,0.08578707,0.6375131,1.0
1320000,1.2703432,316.125,0.8992303,0.101226024,4.915438821263602,4.915438821263602,0.26809368333003175,0.0434199,0.09553414,4.835714e-05,0.15673964,0.6487024,1.0
1330000,1.2677765,191.82608695652175,1.0035208,0.08960192,6.251402517579521,6.251402517579521,0.14680672326611113,0.057977915,0.0963021,4.8344216e-05,0.07209251,0.6635517,1.0
1340000,1.2902396,270.2857142857143,1.0229201,0.08941044,5.998302305461717,5.998302305461717,0.19753598526585847,0.07037348,0.09600644,4.833112e-05,0.09689441,0.6722152,1.0
1350000,1.2528001,162.8846153846154,1.0103616,0.08564262,4.61260432168493,4.61260432168493,0.1080933883965302,0.027399361,0.09539786,4.8318023e-05,0.06851913,0.69673765,1.0
1360000,1.270265,385.53333333333336,0.84661025,0.07686238,3.9433125257995156,3.9433125257995156,0.34171242171044774,0.037440486,0.089289784,4.83063e-05,0.060538337,0.7333801,1.0
1370000,1.2971877,82.61904761904762,0.99604136,0.07582634,5.591093976715846,5.591093976715846,0.049481854818406557,0.04991519,0.09603781,4.829455e-05,0.06922978,0.75121063,1.0
1380000,1.2863525,379.9,0.9268409,0.07577949,4.388305647665542,4.388305647665542,0.34099940948011676,0.1278736,0.096592754,4.8281385e-05,0.0717781,0.6991623,1.0
1390000,1.3182645,172.76,1.0085762,0.07844598,5.082429924810276,5.082429924810276,0.09408629858866334,0.063768566,0.095416546,4.82684e-05,0.069290414,0.73301363,1.0
1400000,1.3402333,186.60714285714286,0.9020761,0.08105691,4.321868500245162,4.321868500245162,0.15274332162265764,0.14749637,0.097916834,4.8255384e-05,0.074399784,0.7517928,1.0
1410000,1.3109196,184.51724137931035,0.9818962,0.08427516,4.4856783646321565,4.4856783646321565,0.12794944826224497,0.03765648,0.09975102,4.8243666e-05,0.075036466,0.6956047,1.0
1420000,1.282507,116.23809523809524,0.94174016,0.08338766,5.848599449520035,5.848599449520035,0.07536089730759461,0.033367272,0.09510069,4.823198e-05,0.06982836,0.6956576,1.0
1430000,1.1801043,252.13636363636363,0.9523313,0.08976341,5.8855055917475,5.8855055917475,0.21054513502999075,0.0784469,0.09818273,4.821897e-05,0.08522013,0.5888802,1.0
1440000,1.2413291,337.12,0.759616,0.09405343,3.867268635383851,3.867268635383851,0.37372856385683495,0.17331658,0.09897051,4.8205962e-05,0.09465452,0.65221417,1.0
1450000,1.273178,289.6875,0.7507126,0.08787215,3.374457082327976,3.374457082327976,0.22807461940101348,0.20930201,0.09806426,4.819414e-05,0.06674169,0.7813605,1.0
1460000,1.2735167,129.96,0.8960188,0.079594485,4.8872056093018905,4.8872056093018905,0.08719290340319276,0.07656415,0.10032197,4.8182177e-05,0.07038795,0.7580784,1.0
1470000,1.2288122,216.63333333333333,0.97534996,0.0778533,4.425114676250678,4.425114676250678,0.1470139554294292,0.13201396,0.102188386,4.8168986e-05,0.06646262,0.68752325,1.0
1480000,1.3235232,198.0,0.9395199,0.07887984,4.836243540028078,4.836243540028078,0.17868899079298395,0.15647069,0.100074634,4.8156064e-05,0.077577874,0.7097414,1.0
1490000,1.2882743,197.33333333333334,0.7998772,0.07793643,3.2265636752370073,3.2265636752370073,0.15843433728982095,0.15818559,0.097432986,4.8143032e-05,0.07015428,0.7530616,1.0
1500000,1.2685313,121.8076923076923,1.0786153,0.081573084,5.328710280445025,5.328710280445025,0.08916532575946164,0.07232792,0.09858912,4.8131453e-05,0.07639801,0.70074713,1.0
1510000,1.1905887,133.3,0.9368801,0.083039284,5.247505998099223,5.247505998099223,0.096802623802796,0.058198977,0.10179772,4.8119673e-05,0.07315878,0.6304685,1.0
1520000,1.1680752,142.66666666666666,0.92872965,0.08278606,5.1024413842318035,5.1024413842318035,0.11412140746576445,0.036404368,0.089961804,4.8106587e-05,0.07347457,0.58873594,1.0
1530000,1.2436405,1058.5,0.96837664,0.07989511,4.8303584600758525,4.8303584600758525,1.0222853702714798,0.20705757,0.0978722,4.8093603e-05,0.07013587,0.6787104,1.0
1540000,1.2476691,190.79166666666666,0.984859,0.07622994,5.214859337207454,5.214859337207454,0.13713841970699528,0.124411665,0.09901513,4.8080554e-05,0.06605992,0.7577003,1.0
1550000,1.2456374,470.8888888888889,0.9572581,0.07599504,4.323131590191999,4.323131590191999,0.49083762212346,0.025159944,0.09884155,4.8068836e-05,0.07034014,0.7157936,1.0
1560000,1.2726918,107.0909090909091,0.8811385,0.08189195,5.688934280008003,5.688934280008003,0.13383296089971605,0.0591807,0.09442557,4.8057034e-05,0.09680671,0.76314354,1.0
1570000,1.2495211,156.76923076923077,0.96910185,0.08059055,5.04969939543494,5.04969939543494,0.11113435462511216,0.051814355,0.09667398,4.8044116e-05,0.06081309,0.7406755,1.0
1580000,1.3055717,211.95833333333334,1.1120603,0.07514588,5.76130962235959,5.76130962235959,0.14839881183191514,0.03782284,0.09821595,4.8030957e-05,0.070849486,0.780218,1.0
1590000,1.2795663,149.05,1.0588244,0.0776826,5.738925405156779,5.738925405156779,0.11369584647140332,0.028986182,0.09624143,4.8017726e-05,0.07044866,0.75456595,1.0
1600000,1.3348382,120.3076923076923,0.91727257,0.07913248,4.736304057512416,4.736304057512416,0.09476010351799093,0.05732853,0.095538,4.8005753e-05,0.06889241,0.7359425,1.0
1610000,1.3573895,670.6666666666666,0.9687384,0.07681478,5.37569787411348,5.37569787411348,0.47742046613711864,0.050412983,0.102345064,4.7993683e-05,0.06426363,0.79829264,1.0
1620000,1.4202093,100.0,0.9431396,0.0769785,4.851682871443078,4.851682871443078,0.062435128823077925,0.040691715,0.097354054,4.798058e-05,0.06535672,0.8068918,1.0
1630000,1.4257538,293.48148148148147,0.9732058,0.07422401,4.976886799691705,4.976886799691705,0.21998155967513514,0.056412607,0.094671294,4.7968635e-05,0.065638155,0.8195178,1.0
1640000,1.4021028,295.22222222222223,0.9374294,0.07393755,4.7936758564513715,4.7936758564513715,0.20298623604129615,0.02719524,0.09708333,4.7956943e-05,0.066313624,0.8502445,1.0
1650000,1.394768,984.76,0.91850454,0.07243901,5.092479740592879,5.092479740592879,0.7775172041566111,0.052007962,0.09171213,4.7943944e-05,0.058723826,0.892557,1.0
1660000,1.401959,219.0,0.95117265,0.070692934,5.530682718195007,5.530682718195007,0.1542637967504561,0.09506111,0.09689676,4.7930804e-05,0.06610957,0.84822476,1.0
1670000,1.3947525,189.44444444444446,0.9036874,0.07430143,4.687571939812465,4.687571939812465,0.12626898014264884,0.08640126,0.09885548,4.7917845e-05,0.067361474,0.8525651,1.0
1680000,1.3372399,272.962962962963,0.8740811,0.0774424,4.068305758006759,4.068305758006759,0.2307011643683331,0.051823355,0.09331088,4.7906215e-05,0.073565125,0.79586214,1.0
1690000,1.2717991,285.0357142857143,1.0488645,0.08656462,5.169568243402635,5.169568243402635,0.2428431686273273,0.0382779,0.09749605,4.7894493e-05,0.078740515,0.7005694,1.0
1700000,1.2747364,210.93333333333334,0.8495967,0.08833065,4.042651246387899,4.042651246387899,0.17859604734371715,0.09084958,0.09990611,4.7881324e-05,0.0850245,0.64187455,1.0
1710000,1.2765207,96.04347826086956,0.9561812,0.08886383,5.261924285765575,5.261924285765575,0.07929492092934316,0.061497636,0.09363023,4.786806e-05,0.07582365,0.6736137,1.0
1720000,1.2213378,155.9,1.0279188,0.08596952,6.536984741967217,6.536984741967217,0.11955861132591963,0.019976158,0.09157522,4.7856243e-05,0.07531053,0.6332724,1.0
1730000,1.2528762,151.96428571428572,0.9509749,0.08244384,3.9213075378889437,3.9213075378889437,0.12051722566957324,0.02461828,0.09118703,4.7844624e-05,0.07217869,0.6615174,1.0
1740000,1.1876662,162.45833333333334,0.94154054,0.08075911,5.182244044140873,5.182244044140873,0.11958782037254423,0.067891285,0.09659288,4.783163e-05,0.065106116,0.65309536,1.0
1750000,1.0989597,539.28,1.034986,0.0808823,5.511485260774136,5.511485260774136,0.5538044213084504,0.029101541,0.09837584,4.7818416e-05,0.07889561,0.5680378,1.0
1760000,0.9698925,116.47826086956522,0.9605774,0.08346198,5.129462116569693,5.129462116569693,0.07364878449184091,0.056492507,0.090817295,4.7805333e-05,0.07476638,0.47604194,1.0
1770000,1.046956,245.70833333333334,0.94114786,0.084207244,5.103201135051422,5.103201135051422,0.2064600972668774,0.1112074,0.09473069,4.7793736e-05,0.07663843,0.47704387,1.0
1780000,1.1149237,128.7391304347826,0.91652715,0.083066106,4.759122547380141,4.759122547380141,0.07355127857105496,0.050898187,0.09885299,4.778206e-05,0.0717269,0.5411951,1.0
1790000,1.1386331,284.45,0.93386894,0.085264884,6.048896662458467,6.048896662458467,0.21771445735357703,0.014011284,0.09620935,4.7769026e-05,0.07686315,0.56703824,1.0
1800000,1.2561129,148.08,1.0171554,0.08665202,5.389203119396698,5.389203119396698,0.1153968979883939,0.07594641,0.0892232,4.7755762e-05,0.07471721,0.6475972,1.0
1810000,1.3090223,285.51851851851853,1.0592086,0.08567644,5.578463419512242,5.578463419512242,0.1322003535550231,0.09730155,0.091170624,4.7742702e-05,0.06953248,0.7575312,1.0
1820000,1.3047235,159.47826086956522,0.9935932,0.07892625,4.98566061718531,4.98566061718531,0.28740321477137815,0.022397343,0.089567326,4.7730813e-05,0.06680128,0.7596136,1.0
1830000,1.3425763,203.33333333333334,0.9996609,0.076997034,5.901839533278178,5.901839533278178,0.14296339966009933,0.049927764,0.094807364,4.7719204e-05,0.08320306,0.7615409,1.0
1840000,1.2601415,2209.818181818182,0.9386147,0.08413844,5.211436235291554,5.211436235291554,1.9021410840372979,0.0430643,0.1009445,4.7706137e-05,0.06928258,0.6929622,1.0
1850000,1.2419434,191.8,0.9538783,0.08284721,3.9371738284149957,3.9371738284149957,0.24903249051082335,0.045604076,0.09356262,4.769311e-05,0.14802054,0.65243757,1.0
1860000,1.2526404,297.04545454545456,1.012995,0.08457823,6.2184084252659035,6.2184084252659035,0.21372502070153132,0.031395003,0.09644914,4.7681373e-05,0.069973424,0.66789085,1.0
1870000,1.2855577,218.66666666666666,0.659607,0.08007484,2.876478703453838,2.876478703453838,0.15169875730794888,0.090586096,0.09895231,4.7669404e-05,0.06583816,0.6327861,1.0
1880000,1.344256,823.5217391304348,0.9165598,0.07584464,5.40667601967578,5.40667601967578,0.747126593381045,0.06890093,0.09715012,4.765635e-05,0.07177855,0.7659503,1.0
1890000,1.2711161,334.3703703703704,0.95039624,0.07939157,4.808027273749324,4.808027273749324,0.2795400665124395,0.020683676,0.09871161,4.764318e-05,0.07435055,0.71668434,1.0
1900000,1.2424319,127.77777777777777,0.9151776,0.08218973,6.362914825944851,6.362914825944851,0.08731278914233877,0.02503594,0.09566564,4.7631347e-05,0.072801955,0.6256383,1.0
1910000,1.3073398,143.80769230769232,1.00123,0.079966776,5.018610227521607,5.018610227521607,0.09527027685040733,0.18400308,0.09772237,4.7619702e-05,0.07094566,0.67354476,1.0
1920000,1.2409787,133.64285714285714,0.95225704,0.080981165,4.48214168883741,4.48214168883741,0.10094240095765729,0.033710666,0.09623918,4.7606656e-05,0.06370201,0.73503244,1.0
1930000,1.2972012,150.56521739130434,0.9313565,0.07903615,5.076993792897252,5.076993792897252,0.0978418682732255,0.025578976,0.09839298,4.7593654e-05,0.071161345,0.7027937,1.0
1940000,1.2910216,887.7727272727273,1.0335926,0.08181371,6.349836528052053,6.349836528052053,0.6233843521463727,0.07681537,0.095943555,4.7580626e-05,0.066464625,0.75362647,1.0
1950000,1.2521638,280.03225806451616,1.0219063,0.07798765,4.041144456595273,4.041144456595273,0.2113050587626452,0.05835179,0.10271138,4.756877e-05,0.062172465,0.67580706,1.0
1960000,1.1760194,192.08,0.9015128,0.07586615,4.79085297794485,4.79085297794485,0.13299728352576495,0.03478142,0.09612067,4.7557078e-05,0.07154615,0.64798385,1.0
1970000,1.1606504,270.8709677419355,0.9405734,0.07750529,3.723608081843913,3.723608081843913,0.18014158512796125,0.027449137,0.09549688,4.7543872e-05,0.065606356,0.5662784,1.0
1980000,1.1645056,106.08,0.91338634,0.076053336,5.138995065620611,5.138995065620611,0.11818036085518542,0.030711,0.09866224,4.7530953e-05,0.09253769,0.60342926,1.0
1990000,1.2340864,300.2068965517241,0.88255006,0.078889236,4.487304621428103,4.487304621428103,0.2278723049655974,0.06309821,0.100877166,4.7518108e-05,0.06538658,0.67340887,1.0
2000000,1.2865148,101.57142857142857,0.87553686,0.078896016,3.4947667532738187,3.4947667532738187,0.14075033532488826,0.05980637,0.096353486,4.750635e-05,0.08063552,0.75838566,1.0
2010000,1.2829682,211.0857142857143,0.9047252,0.084576696,3.1609944388810676,3.1609944388810676,0.15821185769579774,0.061340682,0.10116328,4.749443e-05,0.06570928,0.7479695,1.0
2020000,1.2998561,100.03571428571429,0.8383118,0.08269192,4.016716959839251,4.016716959839251,0.08403895373755534,0.13066183,0.096186444,4.748117e-05,0.07017486,0.7312889,1.0
2030000,1.2655323,120.86206896551724,1.0375329,0.081407525,5.1076570080964805,5.1076570080964805,0.0842417108360678,0.07618342,0.10458742,4.7468086e-05,0.06852331,0.63734454,1.0
2040000,1.3521897,128.3684210526316,1.014347,0.07952102,6.552544207744607,6.552544207744607,0.08892905060201883,0.2532376,0.100088224,4.7456484e-05,0.06048842,0.75207376,1.0
2050000,1.346563,384.25,0.94508153,0.07655499,4.659445724352853,4.659445724352853,0.297962805734507,0.049373448,0.09258138,4.7444708e-05,0.06932074,0.76706934,1.0
2060000,1.3795071,192.29166666666666,0.9541582,0.07458147,4.7272178971155485,4.7272178971155485,0.12748598029914623,0.03473559,0.09920769,4.743166e-05,0.06205874,0.80538577,1.0
2070000,1.4021642,134.95454545454547,1.0359374,0.07487648,5.865703719857868,5.865703719857868,0.11317372429387076,0.036328096,0.09083516,4.7418685e-05,0.06462683,0.8406118,1.0
2080000,1.3265269,107.5,0.9841198,0.07301324,7.006714237781125,7.006714237781125,0.06211065842459599,0.0100011965,0.096499786,4.7405705e-05,0.0644281,0.79747784,1.0
2090000,1.2519926,153.52631578947367,0.9800454,0.07894957,6.089682164593475,6.089682164593475,0.11256899650355703,0.028800821,0.09333863,4.7392743e-05,0.0659801,0.68616474,1.0
2100000,1.1697598,196.9047619047619,0.9826962,0.08262836,5.960770677240186,5.960770677240186,0.13839225261472166,0.07141336,0.091372736,4.7381036e-05,0.07026316,0.6215528,1.0
2110000,1.0923564,80.36363636363636,1.0069225,0.08233989,5.721490052613345,5.721490052613345,0.032615502200893716,0.018674584,0.095122844,4.7369223e-05,0.06821939,0.53971565,1.0
2120000,1.1474673,65.9375,0.9447349,0.081334226,7.64511456489563,7.64511456489563,0.035908971137056746,0.06526132,0.09836334,4.7356287e-05,0.07015872,0.5596392,1.0
2130000,1.1800284,140.3181818181818,1.0204291,0.07977175,5.338920995210193,5.338920995210193,0.10602618670900879,0.09000551,0.08542451,4.7343336e-05,0.07034982,0.59716946,1.0
2140000,1.2124989,117.95,0.9246562,0.08287722,5.967354665868823,5.967354665868823,0.0827351481828373,0.037501488,0.09552778,4.7330275e-05,0.07176802,0.61303777,1.0
2150000,1.2457528,245.6315789473684,1.0096655,0.08170514,6.755883426889389,6.755883426889389,0.15949855146831587,0.02596358,0.09459803,4.7318597e-05,0.07210838,0.66266656,1.0
2160000,1.2722074,1469.7272727272727,0.77395743,0.076498434,4.208403717870448,4.208403717870448,1.0970728857104073,0.0641316,0.09425737,4.730696e-05,0.06537151,0.7135741,1.0
2170000,1.2994951,239.85714285714286,0.69794065,0.07358098,4.577132387481123,4.577132387481123,0.2003344108002022,0.081321344,0.100022554,4.7293925e-05,0.061763626,0.77082646,1.0
2180000,1.213204,203.39285714285714,0.8407547,0.07275866,4.579676510349292,4.579676510349292,0.12676744292387607,0.040404778,0.09317413,4.7280926e-05,0.06626789,0.6428442,1.0
2190000,1.2258515,677.04,0.9354412,0.07330347,4.633151708191628,4.633151708191628,0.490551218908804,0.057965476,0.099974416,4.7267873e-05,0.07110486,0.60392046,1.0
2200000,1.1938133,316.2258064516129,0.9979877,0.07973306,4.507175475946305,4.507175475946305,0.24458690431539812,0.09750496,0.1005446,4.725608e-05,0.075816534,0.66015315,1.0
2210000,1.2318287,111.75,0.9204828,0.077160366,4.46393649690851,4.46393649690851,0.07071767391114138,0.08147983,0.09149182,4.724441e-05,0.066077895,0.5926687,1.0
2220000,1.3179716,489.1111111111111,0.9079972,0.07190053,4.559449707495688,4.559449707495688,0.3705607885581062,0.2322174,0.09917231,4.723142e-05,0.063154116,0.7028766,1.0
2230000,1.2791507,483.9117647058824,0.8706422,0.08005244,3.181460685844331,3.181460685844331,0.38259419676957324,0.1182732,0.093048625,4.721841e-05,0.08386989,0.71064055,1.0
2240000,1.2606328,129.19230769230768,1.0103792,0.08025411,4.627219826665868,4.627219826665868,0.10271225458731911,0.07811221,0.09896109,4.7205278e-05,0.067435145,0.6570703,1.0
2250000,1.2645038,352.3157894736842,0.83803636,0.07686205,2.818654049681008,2.818654049681008,0.2446038217456196,0.12285043,0.10146037,4.7193498e-05,0.06584613,0.65089476,1.0
2260000,1.2943077,150.21052631578948,0.86135334,0.0760842,3.2036439605667293,3.2036439605667293,0.11767531127836077,0.09216034,0.09856035,4.7181744e-05,0.064333096,0.73666674,1.0
2270000,1.3092341,123.0,0.94618416,0.074628375,4.665446988191633,4.665446988191633,0.07888461780800883,0.12921767,0.09577298,4.71686e-05,0.06298326,0.7405482,1.0
2280000,1.3738172,126.3,0.97175264,0.067836374,5.882148494145985,5.882148494145985,0.07813120712526142,0.26491416,0.09284192,4.715572e-05,0.05496958,0.8478347,1.0
2290000,1.3474839,171.88,0.9370817,0.06838097,4.6233704795088855,4.6233704795088855,0.13825918965967504,0.07187473,0.09776853,4.7142712e-05,0.06459561,0.7649528,1.0
2300000,1.4039739,323.4,0.9135439,0.07000976,3.9881434781835585,3.9881434781835585,0.2240652818387995,0.18911122,0.09290042,4.7131023e-05,0.064298324,0.8174864,1.0
2310000,1.4360051,170.59259259259258,0.86943513,0.06936863,4.582436197619557,4.582436197619557,0.09760309487615747,0.075414024,0.09227509,4.7119054e-05,0.061360955,0.83853453,1.0
2320000,1.3823909,201.89285714285714,0.95836866,0.07757722,4.865720471996179,4.865720471996179,0.18915963981999084,0.038011216,0.09588499,4.7106114e-05,0.06906271,0.82648116,1.0
2330000,1.3248371,193.55,0.9842257,0.07301016,6.241924363117825,6.241924363117825,0.10262172918301075,0.019647162,0.09449759,4.7093017e-05,0.061197065,0.7382947,1.0
2340000,1.2758843,146.54545454545453,1.0141541,0.07216363,5.694628625937312,5.694628625937312,0.103293512778526,0.054030124,0.092729,4.7081274e-05,0.06703598,0.6524167,1.0
2350000,1.3439047,224.05,0.90760493,0.07445014,5.953451592875419,5.953451592875419,0.1704777071252465,0.036778666,0.09748789,4.7069472e-05,0.06890185,0.6908405,1.0
2360000,1.2772415,351.6666666666667,0.9799641,0.07445079,5.92195340796998,5.92195340796998,0.23630487988702953,0.05216707,0.09688518,4.7056346e-05,0.061498314,0.72945184,1.0
2370000,1.3730749,252.14285714285714,0.96949923,0.07634883,4.468020975328501,4.468020975328501,0.17781635613313743,0.10703838,0.103533424,4.7043337e-05,0.06440567,0.7733236,1.0
2380000,1.4037415,112.08333333333333,0.8990986,0.079964004,4.6830685221209665,4.6830685221209665,0.10597920600169648,0.108269796,0.096666455,4.7030422e-05,0.0848033,0.88216525,1.0
2390000,1.3498293,180.69565217391303,1.0061082,0.08737314,6.496651263708745,6.496651263708745,0.19904700635284509,0.14492232,0.097025156,4.7018708e-05,0.08862205,0.7903644,1.0
2400000,1.3556504,151.61904761904762,1.0610962,0.081839554,6.222293186010662,6.222293186010662,0.1412270570595172,0.045477446,0.094390824,4.7006964e-05,0.062865414,0.7910078,1.0
2410000,1.2573346,606.08,1.1406322,0.08119728,5.320446852990125,5.320446852990125,0.5192812891304492,0.1325793,0.097992755,4.6993846e-05,0.066919796,0.73924875,1.0
2420000,1.2778944,261.1333333333333,0.98725575,0.07626582,4.223220670689617,4.223220670689617,0.23444599324357113,0.04568143,0.094808206,4.6980836e-05,0.066366084,0.68028545,1.0
2430000,1.4031589,147.55555555555554,0.9797401,0.07691523,4.806638887339634,4.806638887339634,0.10108554107891568,0.062822625,0.09813104,4.696787e-05,0.061232388,0.813183,1.0
2440000,1.4194882,528.0,1.0020138,0.07591013,4.22998265510724,4.22998265510724,0.4413339032363447,0.073228404,0.09637241,4.6956146e-05,0.061004467,0.8286936,1.0
2450000,1.4300997,191.1818181818182,0.9554848,0.078447,3.620616204577598,3.620616204577598,0.13249194304543463,0.06048323,0.09395999,4.6944366e-05,0.06605564,0.8815796,1.0
2460000,1.3850014,97.09677419354838,0.9058915,0.07394636,3.88799549168319,3.88799549168319,0.06771649508887241,0.048080783,0.10016985,4.6931254e-05,0.0581365,0.831776,1.0
2470000,1.2139597,111.51851851851852,0.9662899,0.071372285,4.742150647612612,4.742150647612612,0.077941733166241,0.041006107,0.10027077,4.6918234e-05,0.069368094,0.6837589,1.0
2480000,1.1230593,161.9,0.9416765,0.07630373,4.047646478711897,4.047646478711897,0.13061825641731653,0.08074595,0.10122826,4.6905192e-05,0.07330294,0.54098874,1.0
2490000,1.1486923,158.5,1.0990608,0.08101785,5.155759702141012,5.155759702141012,0.09981662446989503,0.11476754,0.10108026,4.689348e-05,0.06586119,0.5207041,1.0
2500000,1.1361164,77.30434782608695,0.9475897,0.07917797,5.076655552044268,5.076655552044268,0.043112352662517325,0.037480216,0.09288786,4.688158e-05,0.06732355,0.5744087,1.0
2510000,1.1244171,276.3181818181818,0.9611095,0.08526078,5.355899103327444,5.355899103327444,0.18481642829084938,0.047521237,0.093697,4.6868205e-05,0.072234035,0.51929694,1.0
2520000,1.1226019,412.3181818181818,0.906672,0.079746,5.536168964090495,5.536168964090495,0.2758994409814477,0.034430474,0.090750694,4.685633e-05,0.06889957,0.5096484,1.0
2530000,1.3148205,164.92592592592592,0.98151934,0.07470593,4.375418672217401,4.375418672217401,0.11052902049548854,0.02394035,0.09442746,4.684464e-05,0.07387159,0.6224104,1.0
2540000,1.3606635,383.2173913043478,0.8252873,0.07341048,5.083953518320359,5.083953518320359,0.2744241083121818,0.07060422,0.09909488,4.683147e-05,0.07290463,0.6978845,1.0
2550000,1.3008449,357.05555555555554,0.9817697,0.0697209,6.857580099771523,6.857580099771523,0.24995794876789054,0.08803804,0.08952813,4.6818386e-05,0.062469214,0.7234626,1.0
2560000,1.2966323,186.33333333333334,0.91326296,0.07028464,6.442542058359373,6.442542058359373,0.1246466973874097,0.067913845,0.09860198,4.6805413e-05,0.06579509,0.67590505,1.0
2570000,1.3230104,301.2173913043478,0.9284461,0.068460874,5.3017402956950335,5.3017402956950335,0.1829003598117693,0.0379538,0.09917564,4.67937e-05,0.055953182,0.74810857,1.0
2580000,1.2965319,96.25,0.94992346,0.070459776,6.053373005239855,6.053373005239855,0.0724065792691406,0.08074286,0.096040234,4.6782006e-05,0.05961765,0.7139698,1.0
2590000,1.2147987,81.72727272727273,1.0565027,0.07042104,5.971287987364287,5.971287987364287,0.04835361355936708,0.034975592,0.09833899,4.6768964e-05,0.06403721,0.6114427,1.0
2600000,1.1607683,233.2,1.0242682,0.0695426,6.600707917638772,6.600707917638772,0.1807735231006518,0.022436364,0.09569451,4.6755886e-05,0.06432545,0.566942,1.0
2610000,1.1350124,153.7,0.9958329,0.06874081,6.379185598220374,6.379185598220374,0.1112619051564252,0.014166141,0.09049043,4.6742898e-05,0.0634629,0.5483473,1.0
2620000,1.1711923,176.83333333333334,0.97917694,0.06957035,6.738462222448561,6.738462222448561,0.12495761814837654,0.0024296688,0.088283285,4.6730973e-05,0.06431796,0.5295168,1.0
2630000,1.2370052,805.0,0.8464872,0.06559407,5.350252752021725,5.350252752021725,0.5899142649661946,0.006335617,0.09670461,4.6719266e-05,0.054377325,0.5909466,1.0
2640000,1.2422975,68.47058823529412,0.98585504,0.061412454,8.078993018935709,8.078993018935709,0.027257503119899947,0.052554615,0.09199996,4.6706387e-05,0.05810488,0.6354591,1.0
2650000,1.111389,147.9,0.97282565,0.06562121,6.403776503876623,6.403776503876623,0.08750436386326328,0.040565867,0.09496094,4.66933e-05,0.064004496,0.5511362,1.0
2660000,1.1459705,119.0,0.9911638,0.06780218,6.523384640197037,6.523384640197037,0.053855428962331066,0.013010989,0.092539206,4.6680405e-05,0.06090004,0.529248,1.0
2670000,1.250624,217.5,0.88754755,0.06933728,5.208978742449596,5.208978742449596,0.2527015782596374,0.025344472,0.09045839,4.6668643e-05,0.16536577,0.6535779,1.0
2680000,1.1877162,296.6521739130435,1.0221766,0.066038914,5.538895680904875,5.538895680904875,0.1841783271646937,0.0414943,0.09587133,4.665673e-05,0.05527703,0.5844796,1.0
2690000,1.2032696,83.26315789473684,0.9589197,0.06536745,6.564411186024938,6.564411186024938,0.03246972445202501,0.016158264,0.097841166,4.6643563e-05,0.054660797,0.6174414,1.0
2700000,1.3032975,97.25,1.0047518,0.062321756,6.635483978293476,6.635483978293476,0.046972320904023944,0.01711845,0.10095167,4.6630634e-05,0.05263246,0.6917201,1.0
2710000,1.3956202,93.27272727272727,0.94478875,0.06383259,5.55814992803657,5.55814992803657,0.047266733925921886,0.04395363,0.09438598,4.6617737e-05,0.05413004,0.82790357,1.0
2720000,1.468078,67.93333333333334,0.90155256,0.06250851,7.595385863383611,7.595385863383611,0.04210895169526339,0.057421394,0.08740973,4.660606e-05,0.048434414,0.91510665,1.0
2730000,1.3761659,77.58823529411765,0.9842605,0.059652377,7.226037475992651,7.226037475992651,0.03044689301510944,0.014993966,0.09051646,4.659435e-05,0.051470466,0.8530065,1.0
2740000,1.3190392,67.0625,0.9693398,0.060156453,7.679034743458033,7.679034743458033,0.02855529190856032,0.003745485,0.09130839,4.6581375e-05,0.05356521,0.73293656,1.0
2750000,1.3671794,304.15,0.8826845,0.060535416,5.654565813703497,5.654565813703497,0.18555512889288367,0.008419006,0.08475925,4.656846e-05,0.056656413,0.7580845,1.0
2760000,1.4485558,2568.3684210526317,0.92919415,0.05771571,6.08853120731183,6.08853120731183,1.8189708478748798,0.017481044,0.09027849,4.655538e-05,0.04956365,0.8730551,1.0
2770000,1.4771783,1316.4583333333333,0.9259965,0.05914256,5.329515583391923,5.329515583391923,1.1755813775622908,0.037465725,0.093935214,4.654369e-05,0.051412616,0.8919469,1.0
2780000,1.4623451,404.3,0.9558308,0.05697731,6.6299233612256305,6.6299233612256305,0.24597414834424852,0.05490165,0.09636654,4.653201e-05,0.046806954,0.9586571,1.0
2790000,1.3797718,435.75,0.96904665,0.059545416,4.694854814748909,4.694854814748909,0.33658815788753005,0.024659846,0.09498381,4.6519104e-05,0.055915035,0.7804836,1.0
2800000,1.3839939,104.78947368421052,0.92345506,0.06132033,5.727040380239487,5.727040380239487,0.07504676077514887,0.051856,0.09951246,4.6506164e-05,0.058231913,0.77245164,1.0
2810000,1.4365249,315.0,0.89422387,0.063199796,6.560142159058528,6.560142159058528,0.1694617567529135,0.081506036,0.09940844,4.6493158e-05,0.06117024,0.8872369,1.0
2820000,1.4162203,617.0,0.9163136,0.06469149,4.469160503448714,4.469160503448714,0.3673888032557443,0.029640514,0.08767376,4.648137e-05,0.047312573,0.900719,1.0
2830000,1.2585961,302.15384615384613,0.938925,0.06969907,5.427743306445185,5.427743306445185,0.19098569005459118,0.09137745,0.094177626,4.6469584e-05,0.1184179,0.7129242,1.0
2840000,1.2926377,169.95238095238096,0.9711196,0.078953795,5.679237020664819,5.679237020664819,0.12938004519258225,0.09273395,0.096396856,4.6456298e-05,0.07373208,0.6582238,1.0
2850000,1.3703648,141.58333333333334,0.94234556,0.0761387,5.253241899859859,5.253241899859859,0.2075393303821329,0.041440003,0.10036695,4.64433e-05,0.061033808,0.7785579,1.0
2860000,1.42281,159.45833333333334,0.854403,0.07053594,4.62280078720466,4.62280078720466,0.09759201794741271,0.05800528,0.10144742,4.643136e-05,0.06363039,0.80059975,1.0
2870000,1.5253143,358.4074074074074,0.90221065,0.06832221,5.111919447128876,5.111919447128876,0.24766809026779676,0.0377882,0.0927181,4.6419613e-05,0.061940126,0.9199883,1.0
2880000,1.5760926,200.04761904761904,0.8593009,0.06396951,5.403334847345362,5.403334847345362,0.23521882437084554,0.04349134,0.092995346,4.6406276e-05,0.057671107,1.1310227,1.0
2890000,1.5037203,807.074074074074,0.8638297,0.058165587,4.784643534756025,4.784643534756025,0.5945801252248482,0.01881646,0.09307563,4.639329e-05,0.045907322,1.0197521,1.0
2900000,1.4104444,182.7391304347826,0.97883993,0.059268616,5.385418357266883,5.385418357266883,0.12550265606842004,0.05668079,0.09469048,4.638155e-05,0.054024003,0.8454123,1.0
2910000,1.2654593,79.05263157894737,1.0426416,0.06320768,6.944161619010725,6.944161619010725,0.03245421680376718,0.0384563,0.096548155,4.6369878e-05,0.060012657,0.74101746,1.0
2920000,1.1589816,114.75,0.91028404,0.06796834,4.62521249888232,4.62521249888232,0.058830165672892086,0.0165886,0.09670643,4.6357076e-05,0.06384216,0.6027723,1.0
2930000,1.2358458,302.7916666666667,0.9125791,0.06982884,5.134060507654041,5.134060507654041,0.17774105253920425,0.040539872,0.086818054,4.6344e-05,0.063740686,0.60593253,1.0
2940000,1.1968738,221.125,0.915307,0.070268765,4.909827326385293,4.909827326385293,0.12963249942792268,0.053392272,0.096971,4.6330788e-05,0.084626645,0.6300439,1.0
2950000,1.148197,98.9090909090909,1.070279,0.07407833,6.37030218109298,6.37030218109298,0.06122848910110241,0.03259874,0.099956766,4.6317775e-05,0.05918082,0.6100822,1.0
2960000,1.0160936,174.08695652173913,1.0165749,0.07163888,5.179042061278185,5.179042061278185,0.15527806423968918,0.031962242,0.09039617,4.6306028e-05,0.06292396,0.49904057,1.0
2970000,0.9492094,84.0,0.9506698,0.06925849,5.869751366161966,5.869751366161966,0.04086074128281325,0.0186426,0.087974444,4.6294266e-05,0.061966788,0.44762665,1.0
2980000,1.0779727,77.3157894736842,0.9803645,0.06864602,6.338882051408291,6.338882051408291,0.02857328814111258,0.18476221,0.08865256,4.628125e-05,0.06231483,0.488027,1.0
2990000,1.1015304,178.31578947368422,0.9619227,0.06696386,6.230357420867987,6.230357420867987,0.09408125688174837,0.008048574,0.088075854,4.6268182e-05,0.05844142,0.51255465,1.0
3000000,1.2002941,138.52631578947367,0.9347406,0.06449007,6.574916370547283,6.574916370547283,0.06904660236384523,0.017642796,0.09447165,4.625522e-05,0.059577428,0.58060205,1.0
3010000,1.203248,184.66666666666666,0.9243736,0.063708335,6.216864887614899,6.216864887614899,0.10116347435507037,0.08164286,0.08867066,4.62436e-05,0.05557464,0.60320795,1.0
3020000,1.2456939,177.16,1.0017163,0.063576326,5.2935203852326955,5.2935203852326955,0.0896137368772179,0.01265352,0.09681614,4.6231893e-05,0.05625851,0.70945406,1.0
3030000,1.2793276,164.1818181818182,0.8465382,0.06341674,5.024040658858611,5.024040658858611,0.08535848492333158,0.01543476,0.0956667,4.621881e-05,0.053133048,0.72179824,1.0
3040000,1.2767677,290.0,0.93386006,0.062938176,4.280781800062174,4.280781800062174,0.20767312915192854,0.037027724,0.0982576,4.6205863e-05,0.05805434,0.66516346,1.0
3050000,1.3553705,174.7391304347826,0.85050464,0.064261004,4.784242066783484,4.784242066783484,0.12901670212412011,0.08124679,0.1006775,4.6194054e-05,0.059175212,0.8067217,1.0
3060000,1.4207646,84.33333333333333,0.9332924,0.07689499,6.681867465945995,6.681867465945995,0.04617563461781376,0.06783541,0.09430583,4.6182286e-05,0.18228808,0.8453461,1.0
3070000,1.418816,526.4736842105264,0.9969414,0.076796144,7.279141371329781,7.279141371329781,0.3075642471054667,0.026225245,0.10239898,4.616931e-05,0.046727367,0.9034095,1.0
3080000,1.4305961,163.76,0.9636708,0.06695085,5.064769486941422,5.064769486941422,0.0851696814969182,0.050878137,0.10084723,4.6156118e-05,0.048422277,0.8676876,1.0
3090000,1.4464109,77.26086956521739,0.99184036,0.06262922,5.451554887806592,5.451554887806592,0.04139716360971405,0.04119773,0.09347613,4.6143057e-05,0.050590694,0.94164115,1.0
3100000,1.356485,171.43478260869566,1.1154908,0.062158782,6.6633711592072515,6.6633711592072515,0.09634333861100933,0.052589145,0.091900796,4.6131332e-05,0.051369697,0.80359477,1.0
3110000,1.3261546,69.5,1.0772626,0.064114735,6.356586316600442,6.356586316600442,0.04768839506432414,0.0444371,0.093746126,4.6119552e-05,0.057993017,0.7453425,1.0
3120000,1.3308669,221.07692307692307,0.98788345,0.069406256,5.0401797348090005,5.0401797348090005,0.11496758847743667,0.031047296,0.093989015,4.610637e-05,0.08592954,0.75297177,1.0
3130000,1.3669322,327.56,0.93962485,0.066238575,4.795764354745305,4.795764354745305,0.18443106209859253,0.025562063,0.093899876,4.6093373e-05,0.054077916,0.811872,1.0
3140000,1.3967828,223.84615384615384,0.6511645,0.064839974,2.7288739971756826,2.7288739971756826,0.22870837315881196,0.061130732,0.09776747,4.6080393e-05,0.06256961,0.79548186,1.0
3150000,1.3945662,122.3076923076923,0.97401476,0.06491607,5.356863296533836,5.356863296533836,0.08033863083199741,0.07648664,0.09536546,4.6068697e-05,0.0566627,0.8148898,1.0
3160000,1.3180387,128.44444444444446,0.9829257,0.06248059,4.79634296154608,4.79634296154608,0.07030755336422266,0.030060673,0.08393605,4.6056797e-05,0.051528633,0.8007736,1.0
3170000,1.2134167,714.9629629629629,0.9654745,0.06701138,4.582287047293614,4.582287047293614,0.5264277648292827,0.17278093,0.0910157,4.604368e-05,0.1095742,0.6320407,1.0
3180000,1.2467561,88.4375,0.93096185,0.07299112,3.7133432189148152,3.7133432189148152,0.05863627430881024,0.14719607,0.09330407,4.6030647e-05,0.056945898,0.6695554,1.0
3190000,1.2792567,86.42105263157895,0.9322068,0.06586349,6.826247928133752,6.826247928133752,0.04002793091866705,0.011265578,0.08451495,4.6017754e-05,0.055722557,0.66003776,1.0
3200000,1.3792937,171.14285714285714,0.9586015,0.06410662,5.767275134274524,5.767275134274524,0.09650932512754067,0.012027018,0.09568208,4.6005956e-05,0.048305992,0.77618027,1.0
3210000,1.3943743,735.047619047619,1.0140779,0.06424105,5.970332039799904,5.970332039799904,0.4693258035930783,0.0425013,0.09352391,4.5994202e-05,0.056349237,0.8366971,1.0
3220000,1.3823631,739.7647058823529,0.6105048,0.06256317,4.356439823031131,4.356439823031131,0.5018143276957905,0.035113864,0.09512873,4.59813e-05,0.06033675,0.780567,1.0
3230000,1.3850985,264.55555555555554,0.6402849,0.06585437,4.645507832715879,4.645507832715879,0.1749620461422536,0.04998666,0.092859246,4.5968376e-05,0.05373627,0.80095327,1.0
3240000,1.302277,361.67857142857144,0.5457582,0.06496818,2.380092604718539,2.380092604718539,0.39958425936924025,0.049047343,0.09436141,4.595532e-05,0.057866782,0.75527537,1.0
3250000,1.3335341,2529.4545454545455,0.5233613,0.06447938,2.337333309477784,2.337333309477784,1.5712831099810758,0.04835945,0.102934055,4.5943543e-05,0.057631783,0.72640157,1.0
3260000,1.3533823,206.25,0.6913692,0.07455885,4.024871137033653,4.024871137033653,0.23040887829847634,0.07086388,0.09619723,4.593167e-05,0.084119186,0.81529105,1.0
3270000,1.2897584,128.76190476190476,0.93419707,0.090879634,5.818808734787495,5.818808734787495,0.07522171130629085,0.0692484,0.09992543,4.591862e-05,0.057145406,0.7267414,1.0
3280000,1.2901571,1299.4705882352941,0.9022792,0.07917144,3.487032469865344,3.487032469865344,0.9069026701754945,0.08500004,0.10186247,4.5905548e-05,0.056844234,0.7061238,1.0
3290000,1.2579063,208.53333333333333,0.9153692,0.08085946,4.123268885814871,4.123268885814871,0.16734053207368688,0.08729348,0.09362231,4.5893757e-05,0.09151295,0.69705033,1.0
3300000,1.1600322,225.68965517241378,0.8951139,0.08975317,4.056934085296719,4.056934085296719,0.12954681746972105,0.0734901,0.09232091,4.588201e-05,0.05812751,0.67763126,1.0
3310000,1.0495597,132.9,0.8829344,0.080606066,4.146955209355471,4.146955209355471,0.07451790718672176,0.024585968,0.09552151,4.586892e-05,0.06372625,0.5881473,1.0
3320000,0.96244574,156.25,0.931532,0.07977117,4.127046678880366,4.127046678880366,0.12122698160653402,0.048466254,0.093094744,4.5855886e-05,0.0677502,0.4822437,1.0
3330000,0.9265357,78.1304347826087,0.95835876,0.077680275,5.410225363124324,5.410225363124324,0.02867940649309236,0.045114484,0.104624495,4.58427e-05,0.05707247,0.43732244,1.0
3340000,0.9876706,240.95238095238096,0.94645363,0.07078058,5.7981717028222715,5.7981717028222715,0.13220806822313794,0.038305707,0.09377815,4.5831017e-05,0.058327395,0.4577041,1.0
3350000,1.1065936,100.54545454545455,0.92279714,0.06978027,5.742255689745599,5.742255689745599,0.06280529476829212,0.16271082,0.09185529,4.5819328e-05,0.05638792,0.5390321,1.0
3360000,1.242294,247.08695652173913,0.94305897,0.07072944,5.223994827669597,5.223994827669597,0.13800194904046215,0.072942175,0.09350785,4.5806344e-05,0.057735264,0.64204174,1.0
3370000,1.3275907,214.71428571428572,1.0328496,0.07145408,6.6435189775916355,6.6435189775916355,0.15358815174771562,0.022093613,0.099304326,4.5793357e-05,0.05502466,0.7379928,1.0
3380000,1.2776912,191.47619047619048,0.95011836,0.066577494,6.118483498262024,6.118483498262024,0.1130605628492222,0.03422866,0.1045406,4.5780333e-05,0.051420905,0.7610295,1.0
3390000,1.2559631,206.44444444444446,0.9874945,0.06501507,4.992081929208461,4.992081929208461,0.1055603982941075,0.13991886,0.09649439,4.576861e-05,0.057176717,0.6976019,1.0
3400000,1.2197081,106.26086956521739,1.1685392,0.06892703,5.724502873936928,5.724502873936928,0.07090046928952569,0.15415414,0.0976946,4.5756904e-05,0.054248016,0.6977672,1.0
3410000,1.2935442,418.9714285714286,0.83227503,0.06560875,3.0844894790228556,3.0844894790228556,0.331364320330301,0.12558833,0.094801106,4.5743767e-05,0.052409142,0.73495966,1.0
3420000,1.2659854,205.48,0.9484778,0.0669224,5.097653962986153,5.097653962986153,0.11652123692270834,0.0891311,0.0961966,4.5730867e-05,0.27020967,0.7396027,1.0
3430000,1.2176125,135.04761904761904,0.85116786,0.08488988,5.222506647612179,5.222506647612179,0.08221409518626474,0.022635141,0.09466492,4.5718003e-05,0.055841755,0.68881845,1.0
3440000,1.2924141,148.34615384615384,0.9058575,0.07417096,4.06390007613679,4.06390007613679,0.07579044687848252,0.06809551,0.092161976,4.5706303e-05,0.04738603,0.74774754,1.0
3450000,1.2987669,157.8181818181818,0.88520646,0.067573875,5.656229426927477,5.656229426927477,0.07848886301243593,0.039445486,0.099108346,4.5694575e-05,0.04749324,0.77208096,1.0
3460000,1.3586777,228.77777777777777,0.98258656,0.065514155,5.058652893780001,5.058652893780001,0.10906636407081452,0.010201766,0.093937986,4.5681554e-05,0.045840096,0.8382772,1.0
3470000,1.3439767,103.8,0.96965086,0.067411885,5.049805731745437,5.049805731745437,0.07068464046809822,0.06511231,0.096734546,4.5668636e-05,0.053915463,0.81612223,1.0
3480000,1.3551397,99.77777777777777,0.99579585,0.068641335,6.324571080919769,6.324571080919769,0.055239593118636146,0.038111325,0.09060824,4.5655597e-05,0.055992216,0.7933342,1.0
3490000,1.3206469,131.72222222222223,1.0908792,0.061494473,7.788429897710992,7.788429897710992,0.05998164410185483,0.024788834,0.09006459,4.5643887e-05,0.051589984,0.8280756,1.0
3500000,1.349958,116.41666666666667,0.88340914,0.05964839,4.99838617816719,4.99838617816719,0.07696941125323065,0.101657726,0.0967505,4.5632205e-05,0.05390376,0.75896263,1.0
3510000,1.3107256,228.25,1.0428314,0.061376307,5.773834963300288,5.773834963300288,0.1600878163444198,0.044382114,0.090765074,4.5619083e-05,0.054772936,0.7397908,1.0
3520000,1.35697,223.5,1.1286548,0.061126485,6.42926011566088,6.42926011566088,0.29173730955580657,0.08041557,0.09035553,4.5605957e-05,0.053242125,0.7715044,1.0
3530000,1.30109,164.45454545454547,0.9840327,0.06036988,5.507609614069234,5.507609614069234,0.0893555621748775,0.030931765,0.090298586,4.5593017e-05,0.056724966,0.7175034,1.0
3540000,1.2896262,217.91666666666666,1.0153482,0.062338162,5.3083049007969505,5.3083049007969505,0.13193061725057,0.09320348,0.095202506,4.558135e-05,0.059109986,0.73455155,1.0
3550000,1.3070768,141.1304347826087,1.0816773,0.06416536,6.016016337400825,6.016016337400825,0.08382291144326977,0.05199504,0.092141815,4.5569624e-05,0.05166001,0.7277033,1.0
3560000,1.397497,500.0882352941176,0.9096589,0.05930115,3.1591716975381257,3.1591716975381257,0.3247117599408565,0.035889853,0.09432604,4.555653e-05,0.05183202,0.77472734,1.0
3570000,1.4322467,547.551724137931,0.911328,0.054874524,3.9656266667151465,3.9656266667151465,0.37166301213036257,0.040026706,0.093840264,4.554339e-05,0.04468412,0.88385725,1.0
3580000,1.4792598,162.3913043478261,0.91852725,0.06165706,5.204102410429878,5.204102410429878,0.07101193339179229,0.066733405,0.09475909,4.553038e-05,0.0739954,0.9042438,1.0
3590000,1.4726443,111.6470588235294,0.9001129,0.06110326,6.878195527428248,6.878195527428248,0.06834129808361039,0.014235067,0.09809976,4.5518613e-05,0.051791105,0.937992,1.0
3600000,1.4635761,368.55172413793105,0.93531734,0.05955263,4.23483298148895,4.23483298148895,0.2230116379254594,0.06169185,0.09285943,4.5506727e-05,0.051262476,0.95916903,1.0
3610000,1.4707763,109.52173913043478,0.91020167,0.058313984,5.11438445022844,5.11438445022844,0.05440440517723682,0.047122724,0.09113479,4.5493674e-05,0.048297055,0.9659708,1.0
3620000,1.4890612,335.9655172413793,0.8555513,0.05358441,4.398053186392654,4.398053186392654,0.18698375074314627,0.056111533,0.09481642,4.548084e-05,0.04973138,0.9744676,1.0
3630000,1.4848949,1582.6363636363637,0.91670185,0.05464219,5.508087004896932,5.508087004896932,0.8241572817152535,0.0529204,0.092704006,4.546808e-05,0.049825452,0.9032729,1.0
3640000,1.4573005,258.24,0.76229656,0.058331445,4.002764217157307,4.002764217157307,0.21017448876984418,0.025536105,0.091238745,4.5456494e-05,0.07325129,0.9379535,1.0
3650000,1.4795253,360.95652173913044,0.94230556,0.075584084,6.2509987718911875,6.2509987718911875,0.24453558942743414,0.061855912,0.0942886,4.5444634e-05,0.05676934,0.9433656,1.0
3660000,1.438615,103.84615384615384,0.9002365,0.06566587,4.903096362328215,4.903096362328215,0.09529076658189296,0.31308517,0.09752467,4.5431538e-05,0.053269494,0.91712064,1.0
3670000,1.4148663,120.5909090909091,0.968584,0.061567128,5.290971709749175,5.290971709749175,0.09172918910727552,0.028520644,0.09711286,4.541855e-05,0.061416674,0.8077227,1.0
3680000,1.4710475,251.54545454545453,0.8600293,0.065025076,5.142316842011835,5.142316842011835,0.14642266953920957,0.028914716,0.0993217,4.540552e-05,0.04865756,0.9530594,1.0
3690000,1.4067836,169.86363636363637,0.94737905,0.06327034,5.400947467215416,5.400947467215416,0.07611136934296651,0.024713615,0.09681452,4.5393725e-05,0.047068838,0.86459816,1.0
3700000,1.4010106,103.35,1.2004837,0.06749629,8.016042089508847,8.016042089508847,0.07673826871905476,0.083623305,0.09618817,4.538206e-05,0.055618953,0.8471758,1.0
3710000,1.3824631,112.5,1.0382254,0.07209651,4.868425691114695,4.868425691114695,0.07482607294626248,0.049344353,0.092996776,4.536899e-05,0.12664276,0.81366855,1.0
3720000,1.3714702,154.4,1.0709535,0.07676992,5.045268314578268,5.045268314578268,0.09804568767547607,0.048822623,0.091542885,4.535595e-05,0.055014312,0.77745515,1.0
3730000,1.3851708,220.63636363636363,0.9530799,0.06724388,5.796387550853705,5.796387550853705,0.23311087309213524,0.010209555,0.08740042,4.534297e-05,0.055923898,0.81246614,1.0
3740000,1.3702744,484.0,0.97159153,0.06556268,5.084392908438344,5.084392908438344,0.2804978391621262,0.048535142,0.09640945,4.533138e-05,0.046887346,0.79983103,1.0
3750000,1.4148717,194.16129032258064,0.8594395,0.06282186,3.8749927301614604,3.8749927301614604,0.11692248688001806,0.030683348,0.09520073,4.5319688e-05,0.053350072,0.8253603,1.0
3760000,1.4227309,108.8695652173913,0.93913865,0.06307628,5.169389011993683,5.169389011993683,0.056715809604308255,0.05320878,0.098757826,4.5306624e-05,0.052596994,0.8537458,1.0
3770000,1.4747714,72.66666666666667,0.9787894,0.0609164,6.905715495347977,6.905715495347977,0.03368629145229028,0.008994616,0.0904611,4.5293593e-05,0.04753846,0.96410197,1.0
3780000,1.4575946,245.53846153846155,0.95538753,0.056965284,5.100026817762602,5.100026817762602,0.13919323439332543,0.016741749,0.09706417,4.5280583e-05,0.046917003,0.9137192,1.0
3790000,1.4495702,206.0,0.98193735,0.05743696,4.578469116285336,4.578469116285336,0.12112173665088355,0.03081083,0.097187705,4.526863e-05,0.045640152,0.89329827,1.0
3800000,1.4535872,513.6896551724138,0.83713037,0.05713143,3.720141101709843,3.720141101709843,0.27869757737998324,0.017996889,0.09029107,4.5256882e-05,0.048067726,0.93794614,1.0
3810000,1.4343125,105.3913043478261,0.8749735,0.058643214,4.88769520673415,4.88769520673415,0.05117269639816621,0.036784995,0.095447734,4.52439e-05,0.050378285,0.8733975,1.0
3820000,1.3522488,113.51851851851852,1.075669,0.061371163,5.610262557547281,5.610262557547281,0.06518370968600114,0.03272763,0.09502368,4.523082e-05,0.054657422,0.8297175,1.0
3830000,1.3225286,141.1578947368421,0.9362504,0.05917575,5.562411392622284,5.562411392622284,0.09803888530127312,0.030902151,0.09679653,4.5217774e-05,0.053317003,0.7509263,1.0
3840000,1.3197361,158.83333333333334,1.0493307,0.060028967,5.312257333150675,5.312257333150675,0.09197086004617934,0.06527444,0.09588526,4.520604e-05,0.049709227,0.77069515,1.0
3850000,1.2986084,165.35,1.1080015,0.05951759,6.803341862599915,6.803341862599915,0.0909248843141349,0.11911805,0.09467783,4.519407e-05,0.051662922,0.7354189,1.0
3860000,1.194099,162.83333333333334,1.1637921,0.062564515,6.486627384221803,6.486627384221803,0.1030542646093588,0.24894209,0.10442917,4.5181045e-05,0.058860846,0.6486937,1.0
3870000,1.192712,172.4,1.1216033,0.061211307,6.838355718768741,6.838355718768741,0.08111116062163522,0.0143318325,0.09133892,4.516797e-05,0.05512343,0.5919355,1.0
3880000,1.2428161,150.77777777777777,0.96631086,0.058203444,6.704448968906242,6.704448968906242,0.1134413169991029,0.0531232,0.093338735,4.5156266e-05,0.05398737,0.63729596,1.0
3890000,1.2511114,100.73913043478261,1.021887,0.05780614,5.142262989845578,5.142262989845578,0.05002661125921725,0.023308165,0.094252385,4.5144618e-05,0.07791188,0.6698823,1.0
3900000,1.3310933,180.13636363636363,0.98022634,0.06122045,5.464698946833412,5.464698946833412,0.18241281744849402,0.05777406,0.094991505,4.513156e-05,0.054676723,0.7633058,1.0
3910000,1.3614942,235.92,1.0399525,0.060693745,4.853485335899994,4.853485335899994,0.13095368132926524,0.021118592,0.09613164,4.5118195e-05,0.052588165,0.7615446,1.0
3920000,1.4139936,68.2,0.93413115,0.060172148,6.181881973147393,6.181881973147393,0.03045955928391777,0.017247356,0.10299899,4.5106182e-05,0.05173415,0.82361096,1.0
3930000,1.3624476,70.75,1.0467801,0.06200586,7.07392280548811,7.07392280548811,0.029328637942671775,0.03503806,0.09713775,4.5094494e-05,0.05357135,0.7855753,1.0
3940000,1.3824016,317.3181818181818,0.90258384,0.06286983,4.829150055285345,4.829150055285345,0.18087083804130089,0.018463766,0.09379893,4.5081488e-05,0.050575685,0.7750846,1.0
3950000,1.460856,165.75,0.93587047,0.05794703,5.110700366204508,5.110700366204508,0.09524051531722459,0.012404606,0.09763809,4.5068406e-05,0.047800787,0.91854346,1.0
3960000,1.4219046,289.92,1.0093731,0.057651863,4.468201945267194,4.468201945267194,0.18509911339839163,0.048508324,0.101001576,4.505539e-05,0.047811218,0.8547508,1.0
3970000,1.4700724,109.85714285714286,0.93736565,0.059151866,5.838668138143563,5.838668138143563,0.05737230283696027,0.023694787,0.09817077,4.5043656e-05,0.050944827,0.95569736,1.0
3980000,1.5349605,114.72222222222223,0.68862826,0.05762734,4.673764380242894,4.673764380242894,0.05153779113007819,0.023802076,0.09924277,4.5031862e-05,0.051410295,0.9930971,1.0
3990000,1.5542207,282.17857142857144,0.82146925,0.07136532,3.883909774331381,3.883909774331381,0.307015112131545,0.06470456,0.09884568,4.5018536e-05,0.07128875,1.0121605,1.0
4000000,1.566656,92.28571428571429,0.8865775,0.07023441,5.832276365575213,5.832276365575213,0.04162985942370835,0.13295043,0.0937414,4.5005414e-05,0.051524825,0.9864357,1.0
4010000,1.6106244,109.3157894736842,1.0540082,0.0742915,6.463945405949888,6.463945405949888,0.0932230161331398,0.06560413,0.09827952,4.4993663e-05,0.060716588,1.0554117,1.0
4020000,1.5830064,2803.8333333333335,0.96687907,0.0667079,5.264215439617887,5.264215439617887,1.8765196644235402,0.047905743,0.09397198,4.4981953e-05,0.051738154,1.023031,1.0
4030000,1.5603617,104.23809523809524,0.9220116,0.06967464,5.420647401759849,5.420647401759849,0.05447917003628044,0.021726858,0.09855383,4.49688e-05,0.055338822,0.96671885,1.0
4040000,1.4950814,356.1818181818182,1.076962,0.08254943,6.662404261414468,6.662404261414468,0.17304243947463957,0.09445842,0.09953283,4.495573e-05,0.09396805,0.9005703,1.0
4050000,1.5018197,2254.88,0.87706447,0.07760037,4.867498633124062,4.867498633124062,1.4634359951111644,0.015050814,0.08782349,4.4943925e-05,0.051634293,0.8931558,1.0
4060000,1.4095383,874.5384615384615,0.99123913,0.073715314,4.508148874481092,4.508148874481092,0.5221918190229469,0.050607957,0.10238789,4.4932174e-05,0.051837564,0.831989,1.0
4070000,1.476112,118.09677419354838,1.0067798,0.071809396,4.241128289304013,4.241128289304013,0.0686932091771979,0.15216395,0.10067312,4.491923e-05,0.05708568,0.8062029,1.0
4080000,1.5440804,140.03703703703704,1.0436496,0.071111396,4.798492215774271,4.798492215774271,0.08803628592027558,0.02599224,0.09230222,4.4906097e-05,0.06021338,0.87754977,1.0
4090000,1.5595763,132.3684210526316,0.9506045,0.06919552,6.824869558405007,6.824869558405007,0.0734819489727287,0.036542606,0.0912084,4.4892986e-05,0.04447817,1.0360624,1.0
4100000,1.5294155,285.84,0.8793922,0.06362002,4.183036862544663,4.183036862544663,0.17423508424777537,0.050297186,0.09453352,4.488128e-05,0.04399158,1.0610137,1.0
4110000,1.5802922,155.04166666666666,1.06374,0.06495356,6.172511785528077,6.172511785528077,0.0771307530424868,0.03779033,0.09019904,4.486966e-05,0.049956568,1.069705,1.0
4120000,1.5633311,265.625,0.8359181,0.059481803,4.367362307239069,4.367362307239069,0.12956853713393457,0.021840889,0.094511494,4.4856566e-05,0.04871637,1.0423267,1.0
4130000,1.562604,193.57142857142858,1.038415,0.060507644,4.934619789695757,4.934619789695757,0.09527451466003965,0.022658264,0.096137844,4.4843575e-05,0.03842015,1.1178062,1.0
4140000,1.5323595,209.1153846153846,0.84131193,0.060052894,4.910634740403858,4.910634740403858,0.09494763413945642,0.04725204,0.095479056,4.483041e-05,0.04293137,1.0653818,1.0
4150000,1.4899818,162.03333333333333,0.86097074,0.05891814,3.5685663490876296,3.5685663490876296,0.0817081967871142,0.011389053,0.09659986,4.48186e-05,0.04562538,0.98686254,1.0
4160000,1.4606919,177.84615384615384,1.0212816,0.063805185,5.048219902271255,5.048219902271255,0.10258717318244565,0.051075,0.087389216,4.4806715e-05,0.04967455,0.91121876,1.0
4170000,1.4201398,129.27272727272728,0.91245306,0.060203716,5.62455325537166,5.62455325537166,0.06359577752300538,0.031009033,0.09781994,4.4793556e-05,0.052322507,0.93587273,1.0
4180000,1.4455662,143.8148148148148,1.0541016,0.06799298,5.276326887625664,5.276326887625664,0.09464708106868246,0.03668924,0.10548943,4.4780412e-05,0.052990556,0.9952124,1.0
4190000,1.4465436,74.05555555555556,0.90379,0.0648642,6.365750920441416,6.365750920441416,0.03088447182542748,0.006801216,0.09187819,4.4768676e-05,0.04223907,0.9959024,1.0
4200000,1.377886,233.45833333333334,0.9863279,0.062793165,5.528581746521592,5.528581746521592,0.14734900603070855,0.02928156,0.09524273,4.475705e-05,0.050791305,0.88651526,1.0
4210000,1.3959213,157.91666666666666,0.9789161,0.064350404,5.504671485343656,5.504671485343656,0.07861138985026628,0.036907297,0.09641258,4.4744094e-05,0.04912099,0.9395959,1.0
4220000,1.3795274,278.85,1.0152416,0.0576274,6.335494463519733,6.335494463519733,0.1360421264078468,0.022917023,0.09538159,4.4731063e-05,0.04208181,0.9743395,1.0
4230000,1.3746203,108.61904761904762,1.0558544,0.06131185,6.252677370022018,6.252677370022018,0.06549119765848099,0.05281799,0.09722002,4.4718086e-05,0.053295948,0.8861292,1.0
4240000,1.3738045,115.0952380952381,0.9486927,0.061961923,5.744468765356162,5.744468765356162,0.062129787513099256,0.018524516,0.09568871,4.4706474e-05,0.049219053,0.84696233,1.0
4250000,1.3161746,246.3448275862069,0.9633614,0.062542304,4.474328666014855,4.474328666014855,0.14607623443489187,0.033114575,0.09411241,4.4694745e-05,0.055348314,0.8484453,1.0
4260000,1.2698555,174.5,0.9882332,0.061950002,5.650239530178211,5.650239530178211,0.10986163465052166,0.069230296,0.097143635,4.468159e-05,0.057650965,0.77179706,1.0
4270000,1.2908168,213.0,0.9926655,0.06431059,5.862170458445115,5.862170458445115,0.126707749589431,0.06054793,0.09939816,4.466832e-05,0.052267797,0.79015857,1.0
4280000,1.2407807,187.1304347826087,1.0613521,0.06195749,5.76919426158228,5.76919426158228,0.1081579917150995,0.027595531,0.090203896,4.4656495e-05,0.05424707,0.7353578,1.0
4290000,1.210588,105.16,1.075316,0.06349236,5.528573145344107,5.528573145344107,0.10755812984037523,0.097240314,0.10034692,4.4644563e-05,0.07491175,0.7143913,1.0
4300000,1.2471738,161.76190476190476,1.1175051,0.06719574,5.80188117284112,5.80188117284112,0.0992867350366644,0.06816171,0.098288395,4.4631357e-05,0.055410605,0.71239996,1.0
4310000,1.1733141,128.47619047619048,1.0715752,0.065698124,5.926680405247099,5.926680405247099,0.07880688538508755,0.14000566,0.09241986,4.4618286e-05,0.062864214,0.65939224,1.0
4320000,1.2076813,202.08695652173913,0.9688642,0.06559795,5.320682566983878,5.320682566983878,0.14075321076518815,0.033731796,0.09173352,4.4606455e-05,0.054778136,0.6586709,1.0
4330000,1.2779984,65.4090909090909,1.0599195,0.06921798,5.987321728751773,5.987321728751773,0.026492772424327477,0.05369701,0.09134901,4.459466e-05,0.1543199,0.77541554,1.0
4340000,1.2522912,78.875,1.0359917,0.06807644,7.179639663766412,7.179639663766412,0.033398352152503585,0.021240316,0.09884776,4.4581735e-05,0.054554634,0.7489686,1.0
4350000,1.2581407,137.0909090909091,1.127491,0.06836778,6.315737701946504,6.315737701946504,0.1012963917455636,0.12784249,0.09559463,4.45688e-05,0.056418013,0.73440564,1.0
4360000,1.2499682,1124.7619047619048,1.0626886,0.06603006,5.69655346768306,5.69655346768306,0.9908724250299634,0.05908688,0.092341274,4.4555723e-05,0.056291174,0.7363905,1.0
4370000,1.2308066,165.0952380952381,1.0477225,0.06746768,6.128784428047116,6.128784428047116,0.09290753986819514,0.02329022,0.097627,4.4542663e-05,0.061168052,0.6897529,1.0
4380000,1.2815335,584.4347826086956,0.9335665,0.06617841,4.781617352537878,4.781617352537878,0.2979353645452015,0.23336543,0.09724924,4.4530927e-05,0.05568839,0.69897914,1.0
4390000,1.2814955,99.05,1.1094248,0.06431649,7.870011072759026,7.870011072759026,0.055976123745112044,0.0660905,0.09781079,4.451916e-05,0.057252645,0.74035394,1.0
4400000,1.2826842,279.8181818181818,0.9873325,0.064845905,5.1948959513006425,5.1948959513006425,0.17120591696837675,0.012068904,0.09395226,4.450619e-05,0.052615516,0.7722901,1.0
4410000,1.286005,99.4,0.98719424,0.060907826,6.068373518078715,6.068373518078715,0.044404493129695764,0.029539341,0.08867769,4.4493245e-05,0.049253665,0.7311637,1.0
4420000,1.2707909,92.11111111111111,1.105743,0.05974342,6.886263292696741,6.886263292696741,0.04315071304639181,0.07547406,0.09686393,4.4481225e-05,0.05108121,0.806138,1.0
4430000,1.2413867,245.8181818181818,1.061465,0.06386092,5.672489358879499,5.672489358879499,0.18478684754915198,0.20786154,0.09700602,4.446938e-05,0.0610752,0.69079584,1.0
4440000,1.246762,201.25,1.105795,0.062765054,6.525248138704842,6.525248138704842,0.10671976597514003,0.31982028,0.09715571,4.445629e-05,0.05624343,0.6650075,1.0
4450000,1.2444203,1503.7894736842106,1.0994672,0.06556301,6.254309360459941,6.254309360459941,0.7914857671743161,0.07800198,0.097825274,4.444323e-05,0.05818106,0.68834686,1.0
4460000,1.2063605,117.5,1.0144396,0.06818883,6.210669230001663,6.210669230001663,0.06704848352819681,0.07464591,0.09151693,4.4430253e-05,0.058828842,0.6271886,1.0
4470000,1.1326444,122.69565217391305,0.9855951,0.06869331,5.565654781060204,5.565654781060204,0.06179544626079207,0.019634802,0.09396539,4.441856e-05,0.060386743,0.6327996,1.0
4480000,1.1322644,175.3913043478261,0.90395993,0.07097184,5.1266174705032395,5.1266174705032395,0.09075308530251884,0.035058368,0.09499475,4.440679e-05,0.056749076,0.5731651,1.0
4490000,1.1033229,316.5263157894737,0.866452,0.07099398,5.959572181476878,5.959572181476878,0.22145965639011642,0.08618178,0.09537728,4.4393833e-05,0.06792511,0.52376527,1.0
4500000,1.1977147,137.58333333333334,0.8698238,0.07556477,4.791428113588899,4.791428113588899,0.08299360771278923,0.06634651,0.0929626,4.438092e-05,0.0544927,0.6250845,1.0
4510000,1.2109183,105.8,0.8916992,0.07357077,4.8525080714853175,4.8525080714853175,0.05311989629020294,0.07561085,0.093222715,4.4368917e-05,0.05738757,0.63819015,1.0
4520000,1.2191893,96.6923076923077,0.9633244,0.06965541,4.822845722040829,4.822845722040829,0.054651775912066956,0.042192563,0.09306841,4.4357166e-05,0.05908773,0.62270164,1.0
4530000,1.2654719,120.36842105263158,1.0541693,0.07144315,7.0306961719757775,7.0306961719757775,0.0632826766048215,0.058535285,0.09177067,4.434434e-05,0.05676797,0.6756991,1.0
4540000,1.2311571,252.8695652173913,0.8909555,0.068980366,5.5977738473692344,5.5977738473692344,0.16257176113725544,0.017305948,0.09869413,4.433131e-05,0.058055013,0.7007965,1.0
4550000,1.1947685,155.86363636363637,1.0371352,0.06741327,5.961378298650097,5.961378298650097,0.09563064234415916,0.06292353,0.09236299,4.4318313e-05,0.06826772,0.6003925,1.0
4560000,1.2969635,98.42307692307692,0.94460005,0.07041055,4.700819909093718,4.700819909093718,0.052966556019293,0.010868868,0.09448848,4.430636e-05,0.058322363,0.63534343,1.0
4570000,1.2981149,121.17391304347827,0.9449937,0.065317504,5.5324685566129945,5.5324685566129945,0.053851268010806634,0.028265718,0.09334491,4.4294567e-05,0.052806716,0.7182651,1.0
4580000,1.3541659,127.3157894736842,0.99784976,0.06431072,6.367651755596788,6.367651755596788,0.05595615498023108,0.021086166,0.09294135,4.4281656e-05,0.05726809,0.6663266,1.0
4590000,1.4026586,95.85714285714286,0.987178,0.06319271,6.0903649939557125,6.0903649939557125,0.039116547553844395,0.01868994,0.09363507,4.426853e-05,0.04644737,0.81436145,1.0
4600000,1.4690204,153.0952380952381,0.8326713,0.06041443,5.392227808969828,5.392227808969828,0.06882663190897022,0.03134657,0.09340239,4.4255496e-05,0.045562852,0.92902166,1.0
4610000,1.4271729,157.71428571428572,0.86185515,0.05700301,5.626594076193582,5.626594076193582,0.0878541158024399,0.018371653,0.0905386,4.4243774e-05,0.047267996,0.8617992,1.0
4620000,1.3818766,103.24,1.10191,0.056673292,5.553768110356368,5.553768110356368,0.0536629700101912,0.066339895,0.09175551,4.4232023e-05,0.05043622,0.79907507,1.0
4630000,1.3046957,99.08333333333333,1.0025803,0.060279794,5.771249502198771,5.771249502198771,0.0555859661908471,0.11458995,0.09566317,4.421884e-05,0.054260295,0.71736616,1.0
4640000,1.3289118,260.60869565217394,0.92323625,0.059898045,5.356954179734559,5.356954179734559,0.18882711965631208,0.056148566,0.098851,4.420577e-05,0.052697968,0.69236517,1.0
4650000,1.3506473,88.95,1.0195078,0.060986027,5.994172836840153,5.994172836840153,0.04544577330816537,0.04281282,0.1013474,4.4193985e-05,0.052920114,0.80415756,1.0
4660000,1.3776885,65.1875,0.9781536,0.060521603,7.722937792539597,7.722937792539597,0.0184577617328614,0.16356643,0.09074351,4.4182416e-05,0.050549675,0.80335486,1.0
4670000,1.3466276,197.38888888888889,1.0663185,0.0615329,7.466207726690224,7.466207726690224,0.10550520118946831,0.040187098,0.09508818,4.416907e-05,0.04721228,0.8240722,1.0
4680000,1.2822053,75.38888888888889,1.0595113,0.06192345,7.3908733383028045,7.3908733383028045,0.037441559213524066,0.07360908,0.09478511,4.4155993e-05,0.055842936,0.7187695,1.0
4690000,1.2077577,264.4347826086956,1.1435949,0.06597228,6.408006778204928,6.408006778204928,0.1493891868436628,0.046015542,0.098041914,4.4142977e-05,0.058099378,0.65607786,1.0
4700000,1.1078099,83.6,1.0118967,0.068990886,6.079245948325843,6.079245948325843,0.046754260547459126,0.028754795,0.102695055,4.413126e-05,0.06306948,0.56471485,1.0
4710000,1.1083609,108.8,0.9724578,0.068379976,6.240085185668431,6.240085185668431,0.06722911840770393,0.011490753,0.09294371,4.411961e-05,0.06236451,0.54616535,1.0
4720000,1.0879071,76.33333333333333,0.97611237,0.0692432,6.767017147607273,6.767017147607273,0.03450288884859118,0.005873596,0.086364806,4.4106702e-05,0.06202463,0.5338808,1.0
4730000,1.0726212,130.95238095238096,0.9942175,0.06683495,6.073721248281236,6.073721248281236,0.06894632759836636,0.05202326,0.098224424,4.409369e-05,0.057350017,0.5293301,1.0
4740000,1.0655209,142.96,0.9305538,0.06583453,4.57119710946783,4.57119710946783,0.07534967521205545,0.019488405,0.092332006,4.408058e-05,0.055911712,0.55989087,1.0
4750000,1.0397314,129.71428571428572,1.008811,0.06607715,6.530340022348174,6.530340022348174,0.06403818100114309,0.030286489,0.09403046,4.4068758e-05,0.061764114,0.52512944,1.0
4760000,1.043223,78.125,0.891727,0.06632806,7.661615206797918,7.661615206797918,0.026177339317897955,0.048069485,0.08295315,4.4057077e-05,0.054280736,0.49294788,1.0
4770000,1.1036166,76.17647058823529,0.95361555,0.06537734,6.692669565478961,6.692669565478961,0.035886461975880794,0.09302941,0.08997624,4.4043987e-05,0.059581727,0.54392684,1.0
4780000,1.1184337,74.44444444444444,1.0177436,0.06556886,7.297401504384147,7.297401504384147,0.0267228619971623,0.0058115325,0.09204217,4.4031076e-05,0.05491128,0.5391881,1.0
4790000,1.2151043,70.47058823529412,1.0297623,0.06371701,8.022469345261069,8.022469345261069,0.036469832007937575,0.026082596,0.09196584,4.4018107e-05,0.05619381,0.61887157,1.0
4800000,1.2155073,75.88235294117646,1.0171547,0.06334479,7.16860990839846,7.16860990839846,0.03349228126599508,0.0020481155,0.08321232,4.4006338e-05,0.05906749,0.619388,1.0
4810000,1.2916348,159.88235294117646,0.9802147,0.0610128,7.140757527521975,7.140757527521975,0.08483025370001354,0.01907791,0.09075389,4.3994543e-05,0.050450303,0.65845716,1.0
4820000,1.3664068,75.70588235294117,0.98153055,0.056706168,7.314127250629313,7.314127250629313,0.026990464833729407,0.0037752583,0.087887414,4.3981716e-05,0.04517711,0.7805034,1.0
4830000,1.3730925,63.705882352941174,1.0401547,0.05391806,7.791541022412917,7.791541022412917,0.018228848437395168,0.0023303146,0.08479708,4.396897e-05,0.043103117,0.8563096,1.0
4840000,1.3969637,84.0,1.0426265,0.05177075,7.45348577780856,7.45348577780856,0.04133250383246276,0.084437355,0.09628603,4.395603e-05,0.04486929,0.83103836,1.0
4850000,1.2920432,127.05555555555556,1.1269652,0.055097666,8.051679726974053,8.051679726974053,0.0605365253933188,0.026373774,0.097642675,4.3942906e-05,0.050418027,0.74636924,1.0
4860000,1.2765814,79.0,1.0068215,0.057323743,8.009886046871543,8.009886046871543,0.03245054165017791,0.045590047,0.09381373,4.3931013e-05,0.048426826,0.7616222,1.0
4870000,1.299602,96.29411764705883,1.0053616,0.05756556,7.235637106439629,7.235637106439629,0.04072576216148103,0.0023398616,0.085349366,4.3919215e-05,0.04764847,0.71136105,1.0
4880000,1.2993845,76.05882352941177,1.0631458,0.053275462,8.1420779263272,8.1420779263272,0.0340077308116152,0.06628598,0.084818676,4.3906057e-05,0.045399405,0.8098103,1.0
4890000,1.3095747,96.42857142857143,1.0918521,0.053082336,7.173951313272118,7.173951313272118,0.04966029123752378,0.033226546,0.09314909,4.3892895e-05,0.043979745,0.76329136,1.0
4900000,1.2311903,93.52941176470588,1.0639644,0.050768558,7.5536044761538506,7.5536044761538506,0.04078287864103913,0.318617,0.09729442,4.388117e-05,0.045192838,0.72124803,1.0
4910000,1.1993327,73.0952380952381,1.1110643,0.05113777,7.099435309569041,7.099435309569041,0.03570060506518487,0.15196028,0.095434174,4.386941e-05,0.048615113,0.6806742,1.0
4920000,1.1554397,79.21052631578948,0.984668,0.05338877,6.272895577706788,6.272895577706788,0.028156680704437588,0.009607993,0.09016503,4.3856322e-05,0.04974902,0.6709939,1.0
4930000,1.0151612,65.5,0.96005815,0.05794717,7.714235650375485,7.714235650375485,0.021490536484634504,0.002857829,0.09219068,4.3843436e-05,0.052886367,0.5340971,1.0
4940000,1.0309942,74.5,1.0344993,0.058835864,7.341706006063355,7.341706006063355,0.025658012859316334,0.0015412413,0.077544525,4.38305e-05,0.04999925,0.4988915,1.0
4950000,1.1541729,65.4375,0.9559822,0.056800332,7.682393440976739,7.682393440976739,0.021500068251043558,0.0052214633,0.09718778,4.3818793e-05,0.05381019,0.57683504,1.0
4960000,1.1361257,86.33333333333333,1.017759,0.05966761,7.010423943400383,7.010423943400383,0.0396658332966682,0.01784416,0.0961115,4.3807184e-05,0.059235163,0.5798336,1.0
4970000,1.095201,145.41176470588235,0.9929262,0.05898924,7.804658032726528,7.804658032726528,0.07395425363210961,0.029273812,0.09307552,4.3794287e-05,0.053960033,0.5617105,1.0
4980000,1.2037095,82.66666666666667,1.1056422,0.05946296,7.530528101481889,7.530528101481889,0.031223557938478495,0.018222107,0.08806916,4.378131e-05,0.05273242,0.62025577,1.0
4990000,1.2574654,67.46666666666667,0.9682356,0.05661456,7.635396220286688,7.635396220286688,0.02999825435690582,0.047305994,0.09699406,4.3768287e-05,0.049054526,0.7092823,1.0
5000000,1.2569939,105.5909090909091,1.1111766,0.057600074,6.567212178289188,6.567212178289188,0.045747064435007895,0.026018554,0.09522994,4.3755233e-05,0.048721842,0.7093711,1.0
5010000,1.2918328,67.6,0.99421585,0.055467255,7.66023283402125,7.66023283402125,0.0354561369245251,0.090661526,0.09457343,4.3743446e-05,0.046785165,0.80034864,1.0
5020000,1.2017052,98.10526315789474,1.1191094,0.058153424,7.021707849552561,7.021707849552561,0.04411788507805843,0.06563989,0.09424239,4.3731718e-05,0.05011325,0.68871695,1.0
5030000,1.2188386,92.82352941176471,1.0674919,0.059245486,7.214159497046186,7.214159497046186,0.04128042222274577,0.05104173,0.09385371,4.371857e-05,0.052410502,0.6693033,1.0
5040000,1.1997825,77.57894736842105,1.0470363,0.05973162,6.8387122256191155,6.8387122256191155,0.03388473560641471,0.007995157,0.08908046,4.370549e-05,0.051237952,0.662834,1.0
5050000,1.2450715,82.29411764705883,0.9704294,0.061572626,7.072093712056384,7.072093712056384,0.03691364674116759,0.0094057415,0.0932821,4.369372e-05,0.053814318,0.66949034,1.0
5060000,1.285717,90.75,0.9588028,0.060171068,6.185606889426708,6.185606889426708,0.03515417457092553,0.0047417358,0.09340389,4.368195e-05,0.047011353,0.70537007,1.0
5070000,1.3636572,75.9375,0.94427997,0.055646803,6.851070525124669,6.851070525124669,0.03242135790060274,0.043610983,0.09525344,4.3668937e-05,0.046766482,0.777513,1.0
5080000,1.3899213,76.41176470588235,1.0429726,0.05414206,7.416047243510976,7.416047243510976,0.03980088376385324,0.025661767,0.09209233,4.3656062e-05,0.047651235,0.85340756,1.0
5090000,1.3971615,593.9,1.0944713,0.052047476,7.191719359155189,7.191719359155189,0.3006231740349904,0.007211377,0.0929861,4.364291e-05,0.041846596,0.8490454,1.0
5100000,1.4033252,722.4285714285714,0.83136463,0.052059617,4.834919462830618,4.834919462830618,0.3891024160431698,0.23542069,0.09697401,4.363118e-05,0.049436733,0.8258456,1.0
5110000,1.4181654,901.0,1.0191764,0.054111324,5.507816171105127,5.507816171105127,0.5076979801828123,0.038593248,0.097471416,4.3619453e-05,0.044716872,0.90921116,1.0
5120000,1.3985882,82.45454545454545,0.9429873,0.057385597,5.193088515238329,5.193088515238329,0.03616485472461632,0.029526675,0.093784794,4.3606542e-05,0.049237918,0.8393971,1.0
5130000,1.3857582,88.22727272727273,1.040302,0.06099131,6.532885756365679,6.532885756365679,0.04295013431163335,0.028709462,0.09674439,4.359354e-05,0.04435287,0.88959265,1.0
5140000,1.3505533,98.75,1.0688577,0.059229814,6.841223257780075,6.841223257780075,0.04132005455903709,0.031308565,0.101146445,4.3580494e-05,0.04379521,0.8733468,1.0
5150000,1.3294451,134.77272727272728,1.0015999,0.064026564,5.95538707387492,5.95538707387492,0.07016479251482947,0.046264373,0.09956119,4.3568805e-05,0.042300615,0.8190744,1.0
5160000,1.258799,95.0,1.0419652,0.06365123,7.4385192216757465,7.4385192216757465,0.04463620719445102,0.10007086,0.098755404,4.355728e-05,0.047674134,0.78147984,1.0
5170000,1.1595861,99.6,1.1463783,0.06857797,5.936228956921841,5.936228956921841,0.039196087098680436,0.027880047,0.09370361,4.35444e-05,0.049042016,0.6492236,1.0
5180000,1.2283732,75.8125,0.9556335,0.06400681,7.1148553397506475,7.1148553397506475,0.028096536261728033,0.0027712968,0.08619906,4.353146e-05,0.047052342,0.6600245,1.0
5190000,1.3198751,97.78947368421052,1.000491,0.06004004,6.291850078850985,6.291850078850985,0.0385590265259931,0.02299127,0.098769896,4.35185e-05,0.05171106,0.7659326,1.0
5200000,1.2741312,57.22222222222222,1.1835395,0.063190706,8.598695382475853,8.598695382475853,0.018154979398888018,0.033977866,0.09471857,4.3505497e-05,0.044048417,0.7855922,1.0
5210000,1.2241459,81.11111111111111,1.115424,0.06431496,7.419512607985073,7.419512607985073,0.05299296131771472,0.0058030654,0.09228916,4.3493703e-05,0.055713218,0.6945176,1.0
5220000,1.1396976,66.93333333333334,0.9361485,0.06478436,7.5816418091456095,7.5816418091456095,0.024654887709766628,0.08947266,0.09093308,4.3481756e-05,0.05333499,0.630171,1.0
5230000,1.1403693,200.0,1.0855377,0.06928283,6.603094796844872,6.603094796844872,0.11668991864375446,0.08843132,0.09445834,4.3468597e-05,0.05347567,0.5765084,1.0
5240000,1.2387538,77.6470588235294,1.0765373,0.06674526,7.325675178261008,7.325675178261008,0.03285806469567534,0.03492648,0.094202355,4.3455388e-05,0.04826943,0.6732857,1.0
5250000,1.3337767,85.61111111111111,0.96758616,0.061562642,6.682468939158651,6.682468939158651,0.0281734194399582,0.0049612965,0.09254699,4.344352e-05,0.05007635,0.75498885,1.0
5260000,1.3886484,79.55,0.92325574,0.060957883,6.006382023856337,6.006382023856337,0.029926287445385624,0.058029484,0.10098678,4.34317e-05,0.042519078,0.8830706,1.0
5270000,1.400603,74.05555555555556,1.1681013,0.057027522,8.017258720962625,8.017258720962625,0.02936843645415808,0.005032127,0.09085863,4.3418877e-05,0.038412344,0.940411,1.0
5280000,1.4229041,65.1875,1.0744548,0.05481058,7.778259728103876,7.778259728103876,0.015110760170500726,0.050655223,0.090178594,4.3405977e-05,0.038494166,0.913777,1.0
5290000,1.4659444,119.11111111111111,1.0487417,0.052507352,6.677830957691185,6.677830957691185,0.046496477676555514,0.03259678,0.09424568,4.3393044e-05,0.04097066,0.9888083,1.0
5300000,1.5160587,1404.8333333333333,0.98261404,0.04887508,6.892642660876559,6.892642660876559,0.8017918641174523,0.01001603,0.09389052,4.3381337e-05,0.029121421,1.1218896,1.0
5310000,1.5733063,88.58823529411765,0.9246638,0.04367332,6.704253820812001,6.704253820812001,0.031562356990488136,0.0027122037,0.08856092,4.3369677e-05,0.030987063,1.1659259,1.0
5320000,1.5480344,2528.125,0.99386096,0.04260321,5.597398501118028,5.597398501118028,1.4210670087559265,0.017909154,0.090663105,4.3356682e-05,0.027984668,1.2132089,1.0
5330000,1.5404475,386.4347826086956,0.88505137,0.048556127,5.03352565996548,5.03352565996548,0.1677714437752476,0.021132877,0.09774695,4.3343513e-05,0.04521982,1.1432054,1.0
5340000,1.4166263,129.83333333333334,0.99083567,0.050411303,6.643971858496783,6.643971858496783,0.1564971852219767,0.014424406,0.09344277,4.3330518e-05,0.044087857,0.93344533,1.0
5350000,1.4171011,1265.6666666666667,1.1897573,0.052679263,4.867607525627635,4.867607525627635,0.6774853302265035,0.05710249,0.096564606,4.3318854e-05,0.049999654,0.9220506,1.0
5360000,1.4252266,123.54166666666667,0.918342,0.054854844,4.606687352114553,4.606687352114553,0.06268864194862545,0.057016045,0.096169,4.330703e-05,0.044318695,0.8949598,1.0
5370000,1.3871953,178.75,0.9460601,0.052356552,4.734420677444375,4.734420677444375,0.07645617031084839,0.065016344,0.0958739,4.3294065e-05,0.048249234,0.90110224,1.0
5380000,1.3510364,102.76190476190476,1.0801998,0.053033147,6.232892152443431,6.232892152443431,0.04367177175091846,0.022169761,0.09278471,4.328121e-05,0.04566916,0.83452874,1.0
5390000,1.3331403,116.11111111111111,1.0585645,0.050444182,7.243435860274177,7.243435860274177,0.06340559690983759,0.04649582,0.09624224,4.326818e-05,0.04441337,0.8004678,1.0
5400000,1.3331828,89.57894736842105,1.1786335,0.05179995,7.943071628377247,7.943071628377247,0.0332635600413931,0.088743135,0.092917666,4.3256405e-05,0.042989418,0.77538615,1.0
5410000,1.3101321,132.27777777777777,1.1721313,0.04902688,7.648083554765865,7.648083554765865,0.04441955988295376,0.06233684,0.0983391,4.3244665e-05,0.043900784,0.78867036,1.0
5420000,1.2753526,172.25,1.038709,0.050879735,5.462039789462694,5.462039789462694,0.09179842143203132,0.0575009,0.09838711,4.3231503e-05,0.053038448,0.7651206,1.0
5430000,1.2342917,100.05263157894737,1.1588601,0.05833143,7.555217679413114,7.555217679413114,0.041643593092694095,0.039984602,0.09517566,4.3218406e-05,0.050384887,0.6565156,1.0
5440000,1.2738943,132.55,1.0094604,0.05603063,6.283817577889634,6.283817577889634,0.07840573312714696,0.016236436,0.0949002,4.3205273e-05,0.04623816,0.7093948,1.0
5450000,1.3531793,183.78571428571428,0.9415209,0.052527986,4.1319167153629985,4.1319167153629985,0.08390478556975722,0.069187276,0.09284523,4.319353e-05,0.047324132,0.75362134,1.0
5460000,1.3430314,96.0,1.106524,0.05422186,7.083350316435099,7.083350316435099,0.05296749644912779,0.060688477,0.09620754,4.318171e-05,0.04562857,0.80514306,1.0
5470000,1.2858313,76.83333333333333,1.1938332,0.053827483,7.453701670232572,7.453701670232572,0.037687347760718116,0.08631819,0.09795852,4.3168617e-05,0.04845231,0.77340144,1.0
5480000,1.2579985,8916.952380952382,1.0612638,0.05392913,2.9289668791539865,2.9289668791539865,6.068646315549268,0.06508048,0.09643108,4.3155364e-05,0.052270543,0.7200989,1.0
5490000,1.2138919,213.95833333333334,1.0298847,0.054043934,5.28081065849825,5.28081065849825,0.12612834722327534,0.061597373,0.09503008,4.314342e-05,0.049778853,0.66319215,1.0
5500000,1.149892,130.6,1.0618987,0.055590287,5.769221502091557,5.769221502091557,0.06457270404789597,0.13520822,0.095315486,4.3131495e-05,0.045719568,0.65733004,1.0
5510000,1.0998521,119.52631578947368,1.0282711,0.054360475,6.353578861232994,6.353578861232994,0.05531538908498509,0.058639575,0.095493846,4.3118383e-05,0.04932014,0.5385033,1.0
5520000,1.09988,87.6,0.9263685,0.052735295,5.581786052975803,5.581786052975803,0.03567187817339459,0.05964048,0.095344976,4.310532e-05,0.047011036,0.5872549,1.0
5530000,1.1384826,189.47826086956522,0.93031204,0.051996518,5.2025958645665815,5.2025958645665815,0.08665340026314168,0.06383066,0.09295012,4.309341e-05,0.047793645,0.60965115,1.0
5540000,1.080611,96.5909090909091,1.092346,0.055129178,6.526165182420962,6.526165182420962,0.043694233923981134,0.037199486,0.091377154,4.3081698e-05,0.054505028,0.5637199,1.0
5550000,1.0560485,108.8695652173913,0.98485833,0.057679735,5.238836042451391,5.238836042451391,0.051922787952682244,0.039509192,0.09863254,4.306868e-05,0.054024596,0.52139103,1.0
5560000,1.0819211,427.77777777777777,0.9500599,0.058255102,6.6107552643726954,6.6107552643726954,0.22746553740257192,0.032046545,0.092780374,4.305568e-05,0.056789167,0.5248756,1.0
5570000,1.2173107,70.82352941176471,1.0907904,0.058225617,8.073642489774262,8.073642489774262,0.025911931386765313,0.03718678,0.09765186,4.3044e-05,0.044704095,0.65923715,1.0
5580000,1.2567551,92.52380952380952,1.1888645,0.054670375,7.2001831931993365,7.2001831931993365,0.04390103103859084,0.05754869,0.09789567,4.303226e-05,0.049976848,0.75880945,1.0
5590000,1.2039798,137.64705882352942,1.0128257,0.050619856,7.190842365539823,7.190842365539823,0.060356037225574255,0.06341946,0.093398415,4.3019376e-05,0.04570861,0.6749238,1.0
5600000,1.2597525,91.0,1.0535591,0.049769882,6.9040501973479795,6.9040501973479795,0.04179171603908272,0.038204707,0.08656718,4.3006392e-05,0.04551992,0.7366454,1.0
5610000,1.2141086,143.91666666666666,1.0726327,0.048687603,6.0501009816931814,6.0501009816931814,0.07117748571909033,0.04555565,0.10153693,4.2993324e-05,0.044079922,0.7128063,1.0
5620000,1.1344981,237.35,1.1366932,0.04921123,6.95141612336611,6.95141612336611,0.114798429235816,0.019971855,0.095020704,4.2980224e-05,0.047726013,0.6009864,1.0
5630000,1.1376042,106.72727272727273,1.0106422,0.056575987,5.545804045163095,5.545804045163095,0.3379004641176173,0.061772622,0.09936521,4.2968684e-05,0.06473543,0.6316665,1.0
5640000,1.1048305,80.88888888888889,0.9746349,0.08878997,6.701318958567248,6.701318958567248,0.03620994388539758,0.023991572,0.09342116,4.295694e-05,0.19724806,0.58469075,1.0
5650000,1.1026409,86.6,1.0011431,0.07564965,6.755591425660123,6.755591425660123,0.037007345864549276,0.0049693203,0.0920407,4.2943866e-05,0.052064132,0.57008564,1.0
5660000,1.2160208,77.66666666666667,0.914394,0.06472132,5.638775683111614,5.638775683111614,0.04502576502272859,0.09692909,0.09666379,4.2930635e-05,0.04587077,0.65988773,1.0
5670000,1.1560879,481.30434782608694,1.0399692,0.05851453,5.4019159691010215,5.4019159691010215,0.29423667587031127,0.044489466,0.09725082,4.2918902e-05,0.04785228,0.6352248,1.0
5680000,1.1099883,106.57692307692308,0.90174776,0.056261078,4.615326167517301,4.615326167517301,0.05539507977664471,0.019958401,0.09433379,4.290729e-05,0.05147759,0.5611716,1.0
5690000,1.0504032,81.37037037037037,0.9735935,0.056077123,5.065261811550174,5.065261811550174,0.050166454914558144,0.021691296,0.09611533,4.289432e-05,0.05230717,0.51895714,1.0
5700000,1.0119962,89.23809523809524,0.92393893,0.057828654,5.831982773784104,5.831982773784104,0.038958480332179794,0.024168087,0.09489435,4.2881136e-05,0.054051917,0.49183115,1.0
5710000,0.947798,69.83333333333333,1.0693069,0.060371164,7.271887489491039,7.271887489491039,0.027432095311168168,0.04418568,0.096382715,4.2867952e-05,0.054083824,0.46935883,1.0
5720000,0.99220157,630.6111111111111,0.9856407,0.06072326,6.19864370764526,6.19864370764526,0.4407839541737404,0.09096307,0.09733075,4.2856373e-05,0.05326833,0.48923454,1.0
5730000,1.0404507,81.28571428571429,0.95297617,0.06181711,5.660122850695188,5.660122850695188,0.02897902404878377,0.016882563,0.096779555,4.2844586e-05,0.048653997,0.51286423,1.0
5740000,1.1705294,137.04545454545453,0.93667144,0.061995327,5.60498441942443,5.60498441942443,0.054506119673273394,0.070118174,0.09297569,4.283148e-05,0.053409237,0.55789214,1.0
5750000,1.2420423,74.85714285714286,1.0702641,0.062819876,6.388886482587883,6.388886482587883,0.03765780837940318,0.12230034,0.0990839,4.2818592e-05,0.050824095,0.6804063,1.0
5760000,1.3244454,332.6363636363636,1.0351863,0.0615497,5.4237346698754605,5.4237346698754605,0.18756029220378917,0.08567075,0.09487867,4.2805455e-05,0.049156394,0.6840728,1.0
5770000,1.3864133,283.69565217391306,0.93573,0.061427027,5.101107506214107,5.101107506214107,0.19851454535297386,0.19411114,0.09401907,4.279374e-05,0.042680454,0.8322237,1.0
5780000,1.3459387,120.3157894736842,1.0032722,0.061994713,6.563979294822275,6.563979294822275,0.06480542205176071,0.022350393,0.101534106,4.2782107e-05,0.046115275,0.7941919,1.0
5790000,1.295103,102.78947368421052,1.0439144,0.0578429,7.123194479408037,7.123194479408037,0.047789105606314386,0.05922392,0.09489663,4.2769127e-05,0.045194283,0.7708806,1.0
5800000,1.3239038,136.6315789473684,1.1690631,0.05945729,6.830969882554543,6.830969882554543,0.0928928135698171,0.09448768,0.0999969,4.275611e-05,0.047023952,0.770038,1.0
5810000,1.2754458,4099.935483870968,0.92397267,0.05958819,4.63441427714213,4.63441427714213,0.07164602742608016,0.047303155,0.09699261,4.2742984e-05,0.049250044,0.7408861,1.0
5820000,1.3225139,82.66666666666667,1.15004,0.062982775,6.583303028740182,6.583303028740182,3.1565956175572385,0.053211115,0.090146914,4.273122e-05,0.04921312,0.71438044,1.0
5830000,1.3170569,109.36842105263158,1.1486964,0.06247135,6.754529557101992,6.754529557101992,0.06058050484984721,0.04685251,0.09305474,4.271929e-05,0.053430427,0.7007812,1.0
5840000,1.3025317,108.52941176470588,1.0757793,0.063278586,8.25432802942198,8.25432802942198,0.048295001417179316,0.031635977,0.09210091,4.2706266e-05,0.04577545,0.7771303,1.0
5850000,1.268822,140.66666666666666,1.1751752,0.06087191,7.2422177186033965,7.2422177186033965,0.07107062625887227,0.12728862,0.09091519,4.269336e-05,0.04715558,0.7225624,1.0
5860000,1.2511003,145.42857142857142,1.0386001,0.08223509,5.650224530291527,5.650224530291527,0.35870071243317353,0.080627166,0.09529438,4.2680454e-05,0.32738233,0.6864604,1.0
5870000,1.3016936,122.75,1.009887,0.07604395,5.041042349944736,5.041042349944736,0.05497610086846786,0.04979584,0.08980505,4.2668646e-05,0.049548287,0.7298706,1.0
5880000,1.3133993,76.94117647058823,0.8986803,0.069756776,7.091689063135789,7.091689063135789,0.024109433361445554,0.047194786,0.09019015,4.265686e-05,0.08747513,0.7307717,1.0
5890000,1.3907951,73.88888888888889,1.105626,0.06743602,7.449525870774922,7.449525870774922,0.021691453226498868,0.01256155,0.07988466,4.2643707e-05,0.04507405,0.7889991,1.0
5900000,1.3662384,72.76470588235294,0.9787289,0.05706966,7.933004098013043,7.933004098013043,0.02463287767022848,0.020874724,0.092097625,4.2630716e-05,0.04077949,0.8484603,1.0
5910000,1.2997975,73.25,1.1134608,0.05687904,7.956238320645164,7.956238320645164,0.031028777826577425,0.04499039,0.100641645,4.2619024e-05,0.042951766,0.759278,1.0
5920000,1.2731079,164.85,1.135562,0.05563329,7.46814099983019,7.46814099983019,0.08071244564397555,0.043926563,0.090273194,4.2607262e-05,0.044459563,0.70381206,1.0
5930000,1.1931952,64.9375,1.0689678,0.053200614,7.766486311660094,7.766486311660094,0.01753316052696284,0.002088066,0.0872095,4.2594264e-05,0.046611547,0.67671806,1.0
5940000,1.2153369,176.85,1.1215833,0.054543857,7.202432387985664,7.202432387985664,0.14751443075947462,0.055757087,0.09103987,4.258139e-05,0.049630225,0.6497327,1.0
5950000,1.2396342,72.3157894736842,1.0047705,0.055985026,6.897253038851838,6.897253038851838,0.023967440479042892,0.018784355,0.091366746,4.256838e-05,0.04910747,0.7088524,1.0
5960000,1.2510343,75.45,1.2228272,0.05555059,7.7397373303771015,7.7397373303771015,0.02119681870099157,0.03946566,0.09573014,4.2555363e-05,0.043049894,0.7057037,1.0
5970000,1.2345877,77.33333333333333,1.0996068,0.054731045,7.685632575510277,7.685632575510277,0.030599542990482103,0.02739356,0.10199778,4.2543805e-05,0.04814206,0.66747063,1.0
5980000,1.2347273,87.6842105263158,1.1044519,0.054527316,7.100844317360928,7.100844317360928,0.037466964022697585,0.03830855,0.090225264,4.2532112e-05,0.046491038,0.7084584,1.0
5990000,1.2793497,80.44444444444444,1.1958189,0.05180188,8.077895348341876,8.077895348341876,0.025660456468661625,0.023859236,0.095081694,4.2519026e-05,0.04407898,0.7397355,1.0
6000000,1.3563626,78.8,1.1089255,0.051153585,6.9641321785748005,6.9641321785748005,0.027719930512830615,0.09353143,0.095515944,4.2505937e-05,0.04596813,0.77262866,1.0
6010000,1.3654257,281.36842105263156,1.1258693,0.053639606,6.372672478429439,6.372672478429439,0.10966524224434245,0.04458907,0.10382803,4.2493044e-05,0.06177796,0.835513,1.0
6020000,1.3277264,804.3333333333334,1.2419288,0.060873143,6.64594754096791,6.64594754096791,0.44619084864721764,0.09731289,0.09269691,4.2481377e-05,0.043904662,0.81584334,1.0
6030000,1.2263186,105.15789473684211,1.2557096,0.056846652,8.319969748083317,8.319969748083317,0.03947811664425229,0.058330588,0.101747416,4.2469685e-05,0.044213943,0.7389338,1.0
6040000,1.2066694,95.05263157894737,1.1826123,0.05587113,7.196452649935198,7.196452649935198,0.033503858568636996,0.034464654,0.09229817,4.2456606e-05,0.046607018,0.6733683,1.0
6050000,1.209086,113.55,1.1707836,0.054552834,7.084325005251593,7.084325005251593,0.045066192653030156,0.052589096,0.09279677,4.244362e-05,0.074775174,0.6666268,1.0
6060000,1.2892791,78.88888888888889,1.1502072,0.05514388,7.860471977386624,7.860471977386624,0.10218255092493361,0.06932384,0.09097104,4.2430744e-05,0.04352141,0.7308141,1.0
6070000,1.2633197,152.75,1.0652902,0.05229071,6.0285285627852545,6.0285285627852545,0.0684475215151906,0.015555635,0.08963043,4.2417745e-05,0.043403648,0.80868244,1.0
6080000,1.2485919,73.52173913043478,0.8767168,0.053060923,4.201995798265156,4.201995798265156,0.05089090146002886,0.25233543,0.09924665,4.2406013e-05,0.043878898,0.7358791,1.0
6090000,1.2667563,93.625,0.9410154,0.06962424,6.835719218288432,6.835719218288432,0.38194656604900956,0.03810824,0.092231266,4.239429e-05,0.07148964,0.75213355,1.0
6100000,1.2088029,1649.4736842105262,1.2739286,0.05043348,8.329756201995842,8.329756201995842,0.814394246492731,0.07423018,0.09843932,4.238126e-05,0.04235639,0.70584023,1.0
6110000,1.1679729,93.17391304347827,1.0228528,0.047818545,5.1169093428787,5.1169093428787,0.03918033273404707,0.0150183635,0.09339308,4.2367956e-05,0.048182763,0.6398254,1.0
6120000,1.2357396,64.75,1.0199163,0.04815878,7.740616973489523,7.740616973489523,0.020090108882868662,0.0026740346,0.08485474,4.235625e-05,0.048993472,0.6432877,1.0
6130000,1.2526273,177.0,1.2146784,0.04717984,7.048498735700594,7.048498735700594,0.10371459410747602,0.14150842,0.098720774,4.234453e-05,0.046275415,0.72387284,1.0
6140000,1.191409,83.20833333333333,1.0579388,0.05003209,5.879209271996565,5.879209271996565,0.03238194502647156,0.020327333,0.093511924,4.233147e-05,0.04693583,0.6549164,1.0
6150000,1.2549717,78.21052631578948,1.2042975,0.049196683,7.316994759207591,7.316994759207591,0.027407135744579137,0.047875997,0.095700905,4.2318403e-05,0.041090377,0.67421436,1.0
6160000,1.3075657,97.25,1.0234431,0.047401357,5.776856268287979,5.776856268287979,0.03613090445287526,0.04992721,0.091366604,4.230547e-05,0.03611994,0.8028232,1.0
6170000,1.3282576,97.11764705882354,0.96035457,0.04386821,7.300144928710806,7.300144928710806,0.028331336647491243,0.03625406,0.09193957,4.229374e-05,0.04104047,0.80754083,1.0
6180000,1.2770851,95.7,1.1676371,0.044676796,7.494358931481838,7.494358931481838,0.04006005853880197,0.03149221,0.09227562,4.2282056e-05,0.036872488,0.79672295,1.0
6190000,1.2804222,628.1578947368421,1.0236342,0.04368741,6.645639343018684,6.645639343018684,0.44514120865221085,0.041513596,0.09869666,4.226892e-05,0.03478555,0.84521735,1.0
6200000,1.2077038,90.05263157894737,1.1866325,0.045481544,7.44236738273972,7.44236738273972,0.03958584623117196,0.055120803,0.09577493,4.225598e-05,0.04141177,0.71084154,1.0
6210000,1.1743559,118.76470588235294,1.0908374,0.04658711,7.765871063511708,7.765871063511708,0.04666909904164426,0.061159104,0.098004244,4.2242897e-05,0.042708866,0.6993129,1.0
6220000,1.1005787,179.9,1.1249653,0.04761122,7.033251507544477,7.033251507544477,0.08373508568068869,0.010761576,0.09054941,4.2231208e-05,0.040986635,0.5835612,1.0
6230000,1.1595874,73.45833333333333,1.1666362,0.04533956,5.935032083427941,5.935032083427941,0.031061855372972787,0.0395573,0.09537641,4.2219723e-05,0.04061373,0.63480246,1.0
6240000,1.1830865,85.29411764705883,1.0690297,0.047202393,8.221877147169675,8.221877147169675,0.051305480931392485,0.053425383,0.09756209,4.2206662e-05,0.04429364,0.6885158,1.0
6250000,1.0931832,65.1875,1.1411251,0.048248254,8.567032381892204,8.567032381892204,0.02453651957330294,0.066482574,0.09564398,4.219351e-05,0.041671608,0.6533769,1.0
6260000,1.0204821,75.94117647058823,1.0312256,0.04947437,7.132525747641921,7.132525747641921,0.03382186184171587,0.05998637,0.095223546,4.21806e-05,0.04659937,0.51974183,1.0
6270000,1.141698,63.705882352941174,1.1427184,0.048416775,7.858668954835998,7.858668954835998,0.016657700839762885,0.0011125286,0.0959461,4.2168802e-05,0.03995982,0.61303186,1.0
6280000,1.1819293,84.94444444444444,1.0732304,0.047417533,7.564601267377536,7.564601267377536,0.027169343006486695,0.035783935,0.0957375,4.2156895e-05,0.04024059,0.69395274,1.0
6290000,1.1827215,64.875,1.0063108,0.045771834,7.709908924996853,7.709908924996853,0.01475339506578166,0.0071454295,0.09284938,4.2143933e-05,0.036826067,0.6900937,1.0
6300000,1.2165318,75.70588235294117,1.0440513,0.043848023,7.368123480502297,7.368123480502297,0.035815246266258115,0.06280382,0.10067083,4.2130974e-05,0.042730812,0.74666274,1.0
6310000,1.249236,65.1875,1.025357,0.046465665,7.894992599884669,7.894992599884669,0.024545475157598654,0.0400552,0.097450756,4.2118052e-05,0.039207272,0.80108565,1.0
6320000,1.1550238,210.9,1.3576174,0.049953274,7.674109348335833,7.674109348335833,0.0975700478690366,0.06973577,0.09565824,4.21063e-05,0.041240953,0.7035056,1.0
6330000,1.1212063,67.55555555555556,1.0715402,0.051025968,7.073944295032157,7.073944295032157,0.02382758742573464,0.11106954,0.098675534,4.2094638e-05,0.04566553,0.61902785,1.0
6340000,1.1152796,89.10526315789474,1.0317105,0.05107491,6.500215796974341,6.500215796974341,0.028889880123499193,0.0074343146,0.095410645,4.2081483e-05,0.042787068,0.59748375,1.0
6350000,1.2023978,66.75,0.9230738,0.049069118,7.084461050108075,7.084461050108075,0.016380355111323297,0.0023445156,0.09473906,4.2068343e-05,0.043740623,0.66438097,1.0
6360000,1.2437295,84.86363636363636,1.2052937,0.048878424,6.806054706769911,6.806054706769911,0.038379625644541775,0.036176167,0.09788569,4.2056505e-05,0.045475826,0.728406,1.0
6370000,1.2709078,330.11764705882354,1.026342,0.050428156,7.353595519734276,7.353595519734276,0.22184551729108481,0.046254836,0.10264434,4.2044794e-05,0.0413494,0.7444916,1.0
6380000,1.2034909,103.6086956521739,1.001272,0.05023549,5.854982750445703,5.854982750445703,0.04753196967320274,0.037790485,0.09703293,4.2031734e-05,0.042014584,0.7545288,1.0
6390000,1.124325,76.15789473684211,1.2680273,0.048781835,9.053146963056765,9.053146963056765,0.02774321145721172,0.06547705,0.096425906,4.201865e-05,0.044303376,0.6407388,1.0
6400000,1.1724192,61.53333333333333,1.0837566,0.04954561,8.526595721642176,8.526595721642176,0.016446678542221586,0.066359386,0.09792912,4.2005777e-05,0.046118706,0.62535906,1.0
6410000,1.1887561,389.6818181818182,1.2608075,0.051071938,7.972107316328595,7.972107316328595,0.21697792185503723,0.08547851,0.10253521,4.1993942e-05,0.03945855,0.7024734,1.0
6420000,1.1900017,87.0,1.1052736,0.048919175,7.33154955589109,7.33154955589109,0.036113805810196534,0.011976022,0.09789942,4.1982163e-05,0.04101183,0.7001425,1.0
6430000,1.1853933,85.84210526315789,1.118448,0.049102828,7.1164357955445,7.1164357955445,0.02491778344847262,0.044289254,0.09471547,4.196919e-05,0.037689213,0.6776649,1.0
6440000,1.2099856,72.8,1.137061,0.04830615,7.136181881278754,7.136181881278754,0.024367879575584082,0.0176357,0.091808036,4.195615e-05,0.039185267,0.6993913,1.0
6450000,1.2587062,77.94444444444444,1.0529361,0.04527472,7.574801906943321,7.574801906943321,0.027425534221240215,0.042145498,0.0895546,4.194302e-05,0.0379668,0.7564794,1.0
6460000,1.2397004,204.57894736842104,1.0197846,0.046816032,6.4667169176483235,6.4667169176483235,0.08633767285286204,0.01900647,0.09516533,4.1930194e-05,0.042257402,0.70909464,1.0
6470000,1.289502,83.9090909090909,1.2090024,0.047154047,6.3774224035441875,6.3774224035441875,0.03889810624109073,0.11999951,0.09114896,4.191849e-05,0.04225762,0.74895847,1.0
6480000,1.2425995,64.75,1.0528445,0.04672651,7.765048099681735,7.765048099681735,0.014486552128801122,0.004025722,0.08988495,4.190656e-05,0.0426586,0.7378811,1.0
6490000,1.1907244,257.1111111111111,1.0340127,0.0485961,6.78124042263375,6.78124042263375,0.10527613337358667,0.046024464,0.09496062,4.1893458e-05,0.04722153,0.6750119,1.0
6500000,1.2696998,81.36842105263158,1.054481,0.051321417,6.802551485990223,6.802551485990223,0.03443996184260437,0.02626114,0.09711143,4.188058e-05,0.045285366,0.7128539,1.0
6510000,1.3820319,75.47058823529412,1.113002,0.05014788,9.054784701151007,9.054784701151007,0.029366062954068184,0.085713126,0.092397586,4.1869025e-05,0.043721825,0.84747267,1.0
6520000,1.3038229,97.94444444444444,1.1329423,0.05170947,7.692072952267684,7.692072952267684,0.03724965970549318,0.027414203,0.09843997,4.1857194e-05,0.045954313,0.8044736,1.0
6530000,1.2942379,91.3157894736842,1.1955749,0.05867243,8.195552433530489,8.195552433530489,0.025912981402749818,0.047831394,0.090623885,4.1844316e-05,0.045668945,0.72611463,1.0
6540000,1.32041,71.47058823529412,1.0364958,0.05304278,7.255659288830227,7.255659288830227,0.03746883237423996,0.018094996,0.097238876,4.1831332e-05,0.04483069,0.76256454,1.0
6550000,1.2575386,188.52173913043478,1.2983031,0.05447618,7.36262392381481,7.36262392381481,0.09401923239878986,0.069138885,0.09531354,4.181825e-05,0.048903607,0.7492436,1.0
6560000,1.1801858,72.29411764705883,1.1778538,0.05586726,7.99399792972733,7.99399792972733,0.023238386000123096,0.035829764,0.09317551,4.1806372e-05,0.051096596,0.6433033,1.0
6570000,1.1475133,86.58823529411765,1.0169091,0.056905724,7.4150973175419495,7.4150973175419495,0.044553003943292424,0.04371806,0.09833709,4.1794636e-05,0.051957704,0.6103376,1.0
6580000,1.1384213,82.47058823529412,1.1041462,0.057075057,7.489708070953687,7.489708070953687,0.02887569083314803,0.05786855,0.08935349,4.1781666e-05,0.04762788,0.61364615,1.0
6590000,1.1988446,65.25,1.0192858,0.05385388,7.8069482780992985,7.8069482780992985,0.018347841571085155,0.0027023677,0.08307095,4.1768777e-05,0.044906713,0.61784244,1.0
6600000,1.3112892,78.52631578947368,1.1228234,0.05146831,7.609668137211549,7.609668137211549,0.027826936891008364,0.020947808,0.09346731,4.1755662e-05,0.045573987,0.74225146,1.0
6610000,1.3734037,65.625,1.0414902,0.05359679,7.774278109893203,7.774278109893203,0.0186961974541191,0.022493117,0.1006304,4.1743897e-05,0.043762628,0.877574,1.0
6620000,1.3770525,76.11764705882354,0.9992008,0.04638944,8.168915478512645,8.168915478512645,0.023638356273295358,0.015101227,0.090561114,4.1732244e-05,0.031853072,0.93597823,1.0
6630000,1.361948,67.46666666666667,1.1226104,0.043547958,8.36853807605803,8.36853807605803,0.022968748613493517,0.08939082,0.088883504,4.1719206e-05,0.0394119,0.8275031,1.0
6640000,1.335962,80.84210526315789,1.0759621,0.045377716,7.487781847516696,7.487781847516696,0.02205357586758004,0.020726409,0.102810726,4.1706164e-05,0.044670995,0.8338804,1.0
6650000,1.3195217,70.75,1.1695025,0.052441623,8.772833605022992,8.772833605022992,0.031318348668077416,0.015870463,0.09490396,4.1693125e-05,0.05603833,0.73158324,1.0
6660000,1.2662228,74.38888888888889,1.1202362,0.055590913,7.360140128268136,7.360140128268136,0.04139891781637238,0.07242093,0.09901255,4.1680178e-05,0.051956605,0.7652806,1.0
6670000,1.2131989,232.31578947368422,0.9829151,0.07147787,6.634086038131642,6.634086038131642,0.3115514707506487,0.024235824,0.09475115,4.1668583e-05,0.27620488,0.67441756,1.0
6680000,1.2298242,251.65,0.8979013,0.06645162,5.187893536434422,5.187893536434422,0.10897150719538332,0.0121192215,0.09233346,4.1656993e-05,0.05105537,0.6415454,1.0
6690000,1.320864,68.63636363636364,1.1877002,0.06390796,7.342347704974765,7.342347704974765,0.0253917085303163,0.049827937,0.099269964,4.1643827e-05,0.052773885,0.7491962,1.0
6700000,1.320692,84.04761904761905,1.0034039,0.064186506,6.260864841441314,6.260864841441314,0.030844088621614946,0.005467802,0.09330891,4.163083e-05,0.0495743,0.7220475,1.0
6710000,1.3549225,64.86666666666666,0.8498868,0.060919005,7.3143937627474465,7.3143937627474465,0.019732691875348488,0.012966062,0.09792031,4.161786e-05,0.050893724,0.7524764,1.0
6720000,1.413003,80.52631578947368,1.0991201,0.059987903,7.5659548797105485,7.5659548797105485,0.031750126153622805,0.029009625,0.09136105,4.1606145e-05,0.042315073,0.8462953,1.0
6730000,1.459682,101.83333333333333,1.1229358,0.055907596,8.289983819138262,8.289983819138262,0.04252784153343075,0.051707376,0.098337576,4.159438e-05,0.033402987,0.98593867,1.0
6740000,1.4591323,74.38888888888889,1.0534036,0.05043527,6.809711226158672,6.809711226158672,0.019794725968192022,0.011233448,0.09598696,4.1581505e-05,0.034430258,0.9623429,1.0
6750000,1.4665159,83.15789473684211,1.0967811,0.051468056,6.878403960089934,6.878403960089934,0.026774734675296043,0.010080279,0.09848477,4.1568546e-05,0.045133628,0.96584064,1.0
6760000,1.4912304,65.0,0.99734706,0.05489951,7.766063611954451,7.766063611954451,0.021458327246364206,0.0023499015,0.09258966,4.155553e-05,0.040185872,0.96598184,1.0
6770000,1.4923718,76.17647058823529,0.96935344,0.052203998,7.181890415794709,7.181890415794709,0.022163216271163785,0.00044476218,0.09774248,4.1543695e-05,0.03626048,0.9859286,1.0
6780000,1.4656187,64.875,0.9809242,0.051637255,7.766529377549887,7.766529377549887,0.022278152406215668,0.002009599,0.09259571,4.15319e-05,0.038284145,1.0217903,1.0
6790000,1.4527017,73.77777777777777,1.0984048,0.055168077,7.346117665370305,7.346117665370305,0.020224806115341682,0.026631275,0.094575524,4.151908e-05,0.037395198,0.99249965,1.0
6800000,1.4135783,75.58823529411765,1.0002732,0.05466324,7.237495215500102,7.237495215500102,0.01994934169959058,0.00068343605,0.09693917,4.1506235e-05,0.03834211,0.96645725,1.0
6810000,1.4056748,75.41176470588235,1.109006,0.058136962,8.944189611603232,8.944189611603232,0.03047470371786724,0.07451725,0.09576117,4.149343e-05,0.044503383,0.8854788,1.0
6820000,1.389936,63.705882352941174,1.098443,0.058590386,7.854355438667185,7.854355438667185,0.01840395778965424,0.0012694712,0.09336005,4.14804e-05,0.0387073,0.8406232,1.0
6830000,1.4273818,76.0,1.0077715,0.05920739,7.277735305183074,7.277735305183074,0.021464089452124694,0.0035105431,0.08128054,4.14688e-05,0.053350873,0.8214769,1.0
6840000,1.4803276,64.9375,0.9846373,0.05913583,7.765587974339724,7.765587974339724,0.014090003649471328,0.0015680792,0.08653482,4.1456984e-05,0.04352308,0.9331396,1.0
6850000,1.4745973,83.10526315789474,1.0692954,0.061105557,7.539979853128132,7.539979853128132,0.026916354477993752,0.0010420829,0.09891124,4.1443847e-05,0.04666679,0.9241662,1.0
6860000,1.4759554,65.5,0.96582186,0.062657505,7.630326550453901,7.630326550453901,0.022657437657471746,0.023189886,0.093838766,4.1430827e-05,0.05207797,0.85064745,1.0
6870000,1.4777741,78.1875,0.9329344,0.06251796,7.111970020458102,7.111970020458102,0.023098858451703563,0.0062024556,0.09118662,4.1417785e-05,0.045721542,0.9150423,1.0
6880000,1.4823549,65.25,0.97862697,0.062507674,7.719592796638608,7.719592796638608,0.01848786385380663,0.0009717924,0.09454833,4.1406132e-05,0.04616246,0.8908858,1.0
6890000,1.5100131,72.57894736842105,1.0864314,0.060718447,7.428067781423268,7.428067781423268,0.023369641165788237,0.0010160803,0.09387904,4.1394484e-05,0.04394555,0.98184395,1.0
6900000,1.5951133,5903.608695652174,0.95436305,0.055535153,5.33247962539745,5.33247962539745,3.0681284416426458,0.024926016,0.09485741,4.1381398e-05,0.036863513,1.1610731,1.0
6910000,1.6520705,78.5,0.9097441,0.04342454,7.012040680274367,7.012040680274367,0.017197735866830044,0.0018496929,0.08832801,4.1368407e-05,0.018197125,1.4211614,1.0
6920000,1.6378238,1485.2941176470588,0.9905914,0.035092935,7.219338989703105,7.219338989703105,0.8479982764076661,0.016767245,0.08709754,4.1355284e-05,0.015437665,1.5015615,1.0
6930000,1.5695461,3798.15,1.072904,0.044408698,4.902974078626204,4.902974078626204,2.815567319979891,0.22190271,0.09623971,4.1343526e-05,0.040877722,1.3448299,1.0
6940000,1.5519227,17008.923076923078,1.0684307,0.053368572,4.388608051451292,4.388608051451292,9.96186271998968,0.05688352,0.09510643,4.1331667e-05,0.029543933,1.2312844,1.0
6950000,1.4252397,15157.607142857143,1.042389,0.053146336,2.9579033399632553,2.9579033399632553,5.314094033667841,0.08653309,0.10068258,4.13187e-05,0.039709337,0.99360216,1.0
6960000,1.4393531,209.38095238095238,1.0608337,0.055175554,6.051235265693628,6.051235265693628,0.07345673334341318,0.115880884,0.09818448,4.1305808e-05,0.0431307,0.9611622,1.0
6970000,1.4843442,10330.518518518518,0.9950493,0.052271564,4.298046522393893,4.298046522393893,5.701929838175635,0.045035042,0.10043523,4.129393e-05,0.03797523,1.0497969,1.0
6980000,1.4088596,964.75,0.91539377,0.05579943,4.039152283172407,4.039152283172407,0.5569179502053885,0.24727662,0.09895649,4.128229e-05,0.04716091,1.0015194,1.0
6990000,1.3569796,7835.90625,0.9941797,0.06655111,3.8172643455779047,3.8172643455779047,5.189838240438803,0.046209924,0.09931057,4.126929e-05,0.0580612,0.8481337,1.0
7000000,1.3069606,207.46666666666667,0.86532336,0.06406356,4.51630467798708,4.51630467798708,0.10002352916635573,0.07788665,0.09956835,4.1256233e-05,0.04686577,0.8044111,1.0
7010000,1.1523985,3263.96875,0.9210704,0.072410576,3.6890499069393092,3.6890499069393092,1.001902412957861,0.15513003,0.09983276,4.1243075e-05,0.05986148,0.6444171,1.0
7020000,1.3110216,164.21428571428572,1.0355542,0.07117512,4.77037022938118,4.77037022938118,0.08527097409491294,0.07234703,0.090511635,4.1231368e-05,0.05013068,0.7773579,1.0
7030000,1.385102,232.2,0.91315365,0.068128996,3.8053106656871427,3.8053106656871427,0.12104235470760613,0.043963183,0.095485225,4.1219628e-05,0.0469127,0.822406,1.0
7040000,1.3602906,233.06060606060606,1.120761,0.065162204,4.452323367368112,4.452323367368112,0.11727724361588282,0.06469796,0.09668759,4.1206553e-05,0.03959032,0.91935766,1.0
7050000,1.1938432,3145.962962962963,0.9647342,0.06577796,3.558289486922903,3.558289486922903,2.006219166557356,0.21165971,0.092870556,4.1193634e-05,0.053271182,0.6772462,1.0
7060000,1.2071328,122.65217391304348,0.9711689,0.07015338,5.161634079464663,5.161634079464663,0.05821024721650326,0.03218098,0.09333607,4.1181873e-05,0.057121154,0.6266388,1.0
7070000,1.134015,189.10344827586206,1.0967226,0.07494306,5.267386840405035,5.267386840405035,0.09742554013842139,0.030328998,0.09512148,4.1169777e-05,0.054517366,0.5744046,1.0
7080000,1.1805651,216.05882352941177,1.0396425,0.07758951,4.3427253171614995,4.3427253171614995,0.12665817268884205,0.116732106,0.09805258,4.1156723e-05,0.056723576,0.59245706,1.0
7090000,1.1566399,10074.148148148148,0.89961904,0.07594785,0.7167665301581937,0.7167665301581937,5.208387243926544,0.03674448,0.0950491,4.114366e-05,0.05225551,0.59651345,1.0
7100000,1.052519,257.03333333333336,0.99196315,0.07503192,4.761374853157864,4.761374853157864,0.15086287032463588,0.10242369,0.09585594,4.1130526e-05,0.057297505,0.5656447,1.0
7110000,0.9635545,144.5,1.027677,0.078165196,4.4364973210057155,4.4364973210057155,0.096208972043574,0.097481236,0.09656755,4.111862e-05,0.056460947,0.44965482,1.0
7120000,1.0186989,132.83333333333334,1.0446049,0.0742155,4.618468890860055,4.618468890860055,0.05509228051135627,0.06846297,0.09631387,4.110683e-05,0.0495832,0.45178413,1.0
7130000,1.1691982,187.72727272727272,0.8698784,0.064451955,5.310772035045871,5.310772035045871,0.09755540973988404,0.06155019,0.09502096,4.10935e-05,0.049398266,0.57547843,1.0
7140000,1.1860402,236.28,0.9315223,0.07734166,4.751142875109408,4.751142875109408,0.12469865201041103,0.085306935,0.09928046,4.1080344e-05,0.10914612,0.6188671,1.0
7150000,1.3070756,4730.939393939394,0.9509676,0.083174646,4.632227217190594,4.632227217190594,2.2543877980044726,0.05142182,0.09719698,4.106864e-05,0.04771869,0.764139,1.0
7160000,1.3475138,184.36363636363637,1.009231,0.07267506,5.127960684216325,5.127960684216325,0.07606805327004226,0.016858343,0.08994088,4.1056985e-05,0.04665044,0.8091963,1.0
7170000,1.3830256,265.25,0.9198838,0.06796554,4.134821699164131,4.134821699164131,0.27024522186755867,0.021727853,0.09167828,4.104413e-05,0.046935644,0.794803,1.0
7180000,1.4054799,310.7916666666667,0.95475245,0.06350721,5.208945026886254,5.208945026886254,0.13954575452953577,0.01623652,0.09563732,4.103118e-05,0.04016467,0.9028107,1.0
7190000,1.4217991,193.1304347826087,0.93750465,0.05846868,5.098575014233948,5.098575014233948,0.08747199666559817,0.086282246,0.10152076,4.1018233e-05,0.040604953,0.92885417,1.0
7200000,1.3948164,254.6153846153846,1.0698819,0.06299487,6.219102139195874,6.219102139195874,0.11643399823457003,0.14869815,0.09400948,4.1006446e-05,0.046944316,0.9132709,1.0
7210000,1.3412375,293.7368421052632,1.0709584,0.062273458,6.1366023869671755,6.1366023869671755,0.1084909244789742,0.059640996,0.09845969,4.0994702e-05,0.042439424,0.8760071,1.0
7220000,1.2482569,196.58333333333334,0.9740505,0.062362757,4.970870534060437,4.970870534060437,0.10177121253559562,0.078525126,0.09309462,4.0981755e-05,0.049651686,0.7453207,1.0
7230000,1.2492207,190.40740740740742,0.91675836,0.06663685,4.7169941747552535,4.7169941747552535,0.09767747746620982,0.027734589,0.09778116,4.09688e-05,0.11672889,0.67542124,1.0
7240000,1.3773289,308.0,1.0826993,0.06608055,5.981441086771564,5.981441086771564,0.13175547971728852,0.06959882,0.09818885,4.0955576e-05,0.041043513,0.83904755,1.0
7250000,1.3859853,268.2307692307692,0.93906915,0.06085124,4.772937300250975,4.772937300250975,0.12491556572674128,0.0363134,0.097745515,4.0943603e-05,0.03943027,0.8643453,1.0
7260000,1.2669696,60.44444444444444,1.0646967,0.06279823,5.18585695143082,5.18585695143082,0.030688855283962632,0.0676098,0.0959921,4.0931867e-05,0.05078416,0.7782884,1.0
7270000,1.3216919,198.8181818181818,0.9828305,0.06521959,5.8548413786179365,5.8548413786179365,0.0952187139535619,0.013536003,0.0916701,4.0918974e-05,0.045211073,0.76440084,1.0
7280000,1.356298,279.77777777777777,0.9258651,0.06251994,3.5215295973821457,3.5215295973821457,0.19154932155669258,0.06564128,0.09507582,4.0906052e-05,0.042495005,0.84595966,1.0
7290000,1.4344568,318.8695652173913,0.94271886,0.059473988,5.1395744655323545,5.1395744655323545,0.15979686312620406,0.012465935,0.09487406,4.0892875e-05,0.036036007,0.98056984,1.0
7300000,1.4352816,96.9047619047619,0.9665268,0.060596645,5.8835815253334784,5.8835815253334784,0.038009518003534706,0.021269452,0.095856175,4.0881194e-05,0.046150543,1.0284474,1.0
7310000,1.2661072,370.7916666666667,1.0350326,0.06512213,4.781817236540626,4.781817236540626,0.21813289365187907,0.027218983,0.10123251,4.08696e-05,0.044594433,0.8487549,1.0
7320000,1.2550939,424.96153846153845,0.97748494,0.06860899,5.399985949398465,5.399985949398465,0.2159349233478364,0.18244007,0.0977651,4.085663e-05,0.045580298,0.7904775,1.0
7330000,1.2475773,186.40740740740742,0.94340014,0.07090647,4.629791093015054,4.629791093015054,0.09963833501275915,0.029293468,0.09464664,4.0843403e-05,0.04938527,0.7754323,1.0
7340000,1.3320582,427.04347826086956,0.98072046,0.07164358,5.553806442094198,5.553806442094198,0.18316458629882013,0.038150407,0.09794061,4.0830422e-05,0.0486283,0.7835167,1.0
7350000,1.3697324,104.58333333333333,0.95788616,0.06734712,5.426354986728256,5.426354986728256,0.04987615791227048,0.07142454,0.09852788,4.081874e-05,0.041214712,0.93479174,1.0
7360000,1.2322325,198.28,1.045506,0.07190756,5.051632635411794,5.051632635411794,0.10928884323395323,0.06619196,0.09250585,4.0807114e-05,0.05469664,0.7704835,1.0
7370000,1.1697694,197.21428571428572,0.9760335,0.07223273,4.043636254625935,4.043636254625935,0.07991170413983387,0.044006236,0.09714225,4.079405e-05,0.060356013,0.6725944,1.0
7380000,1.0904945,211.25,0.97627836,0.07357803,4.055862210268273,4.055862210268273,0.16071604759744673,0.03209828,0.097709194,4.078108e-05,0.05261606,0.5646974,1.0
7390000,1.1385602,114.52380952380952,0.9754866,0.07711687,6.3242541210992,6.3242541210992,0.06018993856074909,0.049184997,0.099001125,4.0768242e-05,0.053125262,0.60995615,1.0
7400000,1.0527425,162.76190476190476,1.0264732,0.07936023,5.971747815916929,5.971747815916929,0.09498635707946267,0.047164124,0.0958781,4.0755327e-05,0.0555305,0.55892897,1.0
7410000,1.0977129,93.79166666666667,0.96338004,0.07210715,5.120602844050154,5.120602844050154,0.03892294932544852,0.11151262,0.09732653,4.0743653e-05,0.04780962,0.5996812,1.0
7420000,1.1606773,298.6774193548387,0.9857034,0.06740265,4.427649409920631,4.427649409920631,0.17775025798085456,0.12436924,0.09129928,4.073201e-05,0.050526805,0.6141639,1.0
7430000,1.3039933,4379.333333333333,0.94179916,0.06960834,5.062589186935041,5.062589186935041,1.9025303649567915,0.01679685,0.09482966,4.071905e-05,0.0475869,0.692102,1.0
7440000,1.2786074,1021.6818181818181,1.0271764,0.06679907,5.8265194003705565,5.8265194003705565,0.45578455103201454,0.15358363,0.09870138,4.070618e-05,0.04356653,0.73353636,1.0
7450000,1.2394314,176.95454545454547,1.0315477,0.06809913,6.023885151882982,6.023885151882982,0.08113391365093942,0.028103823,0.08800713,4.069321e-05,0.050373293,0.73311895,1.0
7460000,1.2190832,163.27272727272728,1.090287,0.06564655,6.209992811590536,6.209992811590536,0.07062770174392922,0.018071558,0.097094156,4.06814e-05,0.04744395,0.71316165,1.0
7470000,1.1869814,2094.5555555555557,0.9936401,0.06744557,3.813029899981712,3.813029899981712,1.2190793874583,0.08258096,0.096594624,4.0669496e-05,0.051723093,0.65273386,1.0
7480000,1.2132736,691.0384615384615,1.0035278,0.075981095,5.197293232745135,5.197293232745135,0.3401604323074795,0.031115744,0.10052159,4.0656563e-05,0.063140616,0.6845429,1.0
7490000,1.2638181,122.41666666666667,0.9624761,0.07740013,4.853427267864096,4.853427267864096,0.12946803019925332,0.029552966,0.098132774,4.064321e-05,0.0870774,0.76213133,1.0
7500000,1.267269,356.84375,0.83120024,0.07200313,3.728813217228206,3.728813217228206,0.1959879717981699,0.030861275,0.09962706,4.0631418e-05,0.042884678,0.80705965,1.0
7510000,1.2265497,197.89655172413794,1.0357965,0.07094031,4.780331984577335,4.780331984577335,0.1030678130996724,0.06419352,0.09026325,4.0619838e-05,0.04883376,0.7250234,1.0
7520000,1.1799748,87.42857142857143,0.9841216,0.06873541,5.844598197755182,5.844598197755182,0.04070868141328295,0.2315671,0.09561411,4.0606843e-05,0.044778965,0.7372644,1.0
7530000,1.0474218,102.80952380952381,1.0365356,0.06803218,6.305019127980077,6.305019127980077,0.03944254857959181,0.024592001,0.08866356,4.0593943e-05,0.04971634,0.5650342,1.0
7540000,0.9622438,107.23529411764706,0.9655829,0.06550926,7.045383875325209,7.045383875325209,0.03312774239491452,0.008891011,0.08855713,4.0581035e-05,0.05328446,0.51043975,1.0
7550000,0.9954734,189.66666666666666,0.9065371,0.06545944,4.925123612259388,4.925123612259388,0.08712052023232293,0.009524925,0.09366012,4.056796e-05,0.055525105,0.46557483,1.0
7560000,1.0407106,776.2307692307693,0.9375756,0.06264337,5.374150231748718,5.374150231748718,0.40977121035281855,0.006089134,0.09442991,4.055608e-05,0.04400888,0.5160868,1.0
7570000,1.0329,155.27272727272728,1.0416669,0.06304717,6.048838626014377,6.048838626014377,0.05661495038796039,0.048326634,0.09373802,4.054436e-05,0.05040776,0.54287523,1.0
7580000,1.0888745,174.61904761904762,0.9359274,0.06160201,5.24997694078429,5.24997694078429,0.08342988742515445,0.015197903,0.09464706,4.0531344e-05,0.048946597,0.52910346,1.0
7590000,1.145148,289.40909090909093,0.9034259,0.058078237,5.702151338245346,5.702151338245346,0.14569179798127152,0.019072462,0.09752876,4.051855e-05,0.04876172,0.5775387,1.0
7600000,1.255451,196.47619047619048,0.92160547,0.0537878,6.195549540939161,6.195549540939161,0.09081130110592182,0.03186317,0.09501147,4.0505674e-05,0.051461566,0.67537534,1.0
7610000,1.2341359,190.36363636363637,1.1117734,0.054668747,6.920534095413397,6.920534095413397,0.09498468901230288,0.019181868,0.1026563,4.049383e-05,0.05003298,0.655793,1.0
7620000,1.1556873,218.74074074074073,0.9249016,0.056933656,4.10817697272674,4.10817697272674,0.10680357661788419,0.029184546,0.09781717,4.0481926e-05,0.04940804,0.61391073,1.0
7630000,1.1338111,359.7826086956522,0.9993889,0.057666894,5.473542372826024,5.473542372826024,0.17154999065172413,0.023025421,0.10033834,4.046894e-05,0.051674116,0.5655202,1.0
7640000,1.1781844,299.2258064516129,0.8505824,0.057400677,3.7072791391694184,3.7072791391694184,0.1691787542297407,0.01745138,0.0944121,4.0455954e-05,0.049758144,0.5899328,1.0
7650000,1.1703027,122.11538461538461,0.8738566,0.05649338,4.503371056124497,4.503371056124497,0.05976844061380969,0.030115062,0.09566012,4.0442992e-05,0.05422042,0.5957097,1.0
7660000,1.181645,100.9047619047619,1.0443321,0.057368875,6.480238792511175,6.480238792511175,0.03705828575905235,0.004785119,0.091449216,4.0431325e-05,0.050765008,0.5886215,1.0
7670000,1.1322179,344.36842105263156,0.97834975,0.054938994,6.786866834039496,6.786866834039496,0.1742340374427537,0.013620046,0.09794598,4.0419684e-05,0.04957701,0.5555912,1.0
7680000,1.06051,98.47619047619048,0.98987716,0.056924935,5.936667581073462,5.936667581073462,0.0452676993180913,0.024861146,0.09387907,4.0406703e-05,0.050815273,0.53889734,1.0
7690000,1.0950545,75.47058823529412,1.0629212,0.06119119,7.181286913507125,7.181286913507125,0.029954553444815034,0.008438872,0.091899164,4.0393847e-05,0.051280044,0.49956012,1.0
7700000,1.0475757,179.45,1.0616143,0.05902201,6.924864492821473,6.924864492821473,0.07626432961551473,0.007838844,0.09488841,4.038084e-05,0.05193187,0.49558967,1.0
7710000,1.0584437,114.47619047619048,1.0091563,0.059562605,6.013362380030101,6.013362380030101,0.056661205854089486,0.019167464,0.09504966,4.0367755e-05,0.05176217,0.47046715,1.0
7720000,0.9711712,1003.8888888888889,0.96659476,0.059042208,4.423755885007446,4.423755885007446,0.5114701772022441,0.09833895,0.09401318,4.03561e-05,0.05128927,0.46245143,1.0
7730000,1.0206462,118.76923076923077,1.0217055,0.060581457,5.357761277539304,5.357761277539304,0.058469929499551654,0.08423173,0.1022231,4.0344443e-05,0.051113628,0.4632445,1.0
7740000,1.0131128,98.65217391304348,0.9992214,0.057187866,5.987478938419372,5.987478938419372,0.04356066315718319,0.030269872,0.09531108,4.0331513e-05,0.04818268,0.4299294,1.0
7750000,1.1311847,306.2857142857143,1.022236,0.05739105,4.606964536240057,4.606964536240057,0.1254408296706431,0.032519888,0.09641331,4.031848e-05,0.050638,0.52575105,1.0
7760000,1.1348109,75.30434782608695,0.98822254,0.059231233,5.399684976885708,5.399684976885708,0.0966953767625534,0.05720372,0.0945646,4.030541e-05,0.054105937,0.5539454,1.0
7770000,1.1470659,136.04347826086956,1.018948,0.060629915,5.395311836761089,5.395311836761089,0.058639350701317504,0.050807852,0.08799914,4.0293868e-05,0.048615057,0.5292192,1.0
7780000,1.1746975,111.8695652173913,0.9631142,0.060792733,5.5516202402017685,5.5516202402017685,0.046349199660851256,0.097904816,0.093192175,4.0282146e-05,0.050304353,0.592148,1.0
7790000,1.1728365,5119.0,0.95333046,0.05514194,4.436976268306119,4.436976268306119,2.6268005730889854,0.05159781,0.098543964,4.02691e-05,0.047520775,0.54088145,1.0
7800000,1.1958413,216.33333333333334,1.0275106,0.05477812,5.635714484451644,5.635714484451644,0.11644802110580106,0.04848183,0.097356796,4.025602e-05,0.04890603,0.60490656,1.0
7810000,1.1749111,537.4375,0.73133177,0.055916436,5.533733024387257,5.533733024387257,0.2616128922381904,0.025714925,0.09924971,4.0242783e-05,0.049275253,0.6048837,1.0
7820000,1.1930697,132.33333333333334,0.9379551,0.057722054,5.9289181783628475,5.9289181783628475,0.056237637611740776,0.01307444,0.09221963,4.0231036e-05,0.04836658,0.54661644,1.0
7830000,1.3515099,150.21428571428572,0.97093946,0.054667138,4.635472993624036,4.635472993624036,0.07671606635475266,0.022871714,0.093125656,4.0219173e-05,0.045609824,0.7159422,1.0
7840000,1.4600687,285.39130434782606,0.9401354,0.054689977,4.921497720198368,4.921497720198368,0.14020471600056422,0.009093393,0.08856349,4.0206058e-05,0.041333027,0.87865734,1.0
7850000,1.4039558,1257.1818181818182,0.9753036,0.052451633,5.802736939758687,5.802736939758687,0.5776085663290526,0.015137412,0.096750975,4.0193165e-05,0.040314816,0.861613,1.0
7860000,1.2624228,135.32142857142858,0.948375,0.053493455,4.3252559376055615,4.3252559376055615,0.06826676529536664,0.032602865,0.09014412,4.0181447e-05,0.0479421,0.728859,1.0
7870000,1.2325218,112.3157894736842,0.9595134,0.056161955,6.902722542355251,6.902722542355251,0.041195081184721656,0.029733717,0.09349833,4.0169758e-05,0.049350295,0.69784415,1.0
7880000,1.1741104,670.0769230769231,0.95346546,0.055704053,4.353005294344719,4.353005294344719,0.38869881926587335,0.051651716,0.09664975,4.0156832e-05,0.048584927,0.65189373,1.0
7890000,1.2715865,130.8095238095238,0.9293771,0.057702627,5.518361757844225,5.518361757844225,0.06084592866578272,0.20308678,0.09676323,4.0143776e-05,0.052941997,0.6787979,1.0
7900000,1.3731155,115.0,0.9383828,0.056459412,4.530375878518389,4.530375878518389,0.06093183551623951,0.022403743,0.09405442,4.0130697e-05,0.048173063,0.7778413,1.0
7910000,1.4615601,135.0,0.972588,0.054564178,6.465604981477372,6.465604981477372,0.06093673970899545,0.031049691,0.08924681,4.0119015e-05,0.03828204,0.9245721,1.0
7920000,1.4980382,324.2307692307692,0.9024771,0.0495685,4.778450755893969,4.778450755893969,0.15066735268695852,0.1256073,0.09692234,4.0107276e-05,0.040334266,0.9640809,1.0
7930000,1.520249,262.65,1.0009735,0.048696365,6.500269539221213,6.500269539221213,0.11730814116890542,0.008354734,0.09008062,4.009423e-05,0.03850756,0.96204364,1.0
7940000,1.5158995,127.63636363636364,0.898686,0.043567166,5.412443300818929,5.412443300818929,0.045958037403496826,0.018740622,0.09397145,4.0081242e-05,0.03664611,0.99534094,1.0
7950000,1.4197576,113.26315789473684,0.9360862,0.049786106,6.684581667327112,6.684581667327112,0.035962935356009335,0.008199436,0.09421442,4.006816e-05,0.04974646,0.8513983,1.0
7960000,1.3866735,124.875,0.902087,0.056781497,4.452279767601795,4.452279767601795,0.06630713376158383,0.023914438,0.09709545,4.005527e-05,0.053091504,0.74695945,1.0
7970000,1.3792245,87.88888888888889,0.93952405,0.057469044,6.794556735031721,6.794556735031721,0.03288734223072728,0.0072814217,0.09722346,4.0043542e-05,0.05073706,0.8117341,1.0
7980000,1.3475956,202.73684210526315,0.9962744,0.06206491,7.010660582168273,7.010660582168273,0.08324898715976528,0.012523867,0.093319364,4.003167e-05,0.13551384,0.78572875,1.0
7990000,1.3294798,85.0,0.98289716,0.063127235,6.732412647869852,6.732412647869852,0.025237139210932784,0.042621817,0.095784746,4.001872e-05,0.05124886,0.73490816,1.0
8000000,1.275366,335.63157894736844,0.9618532,0.074858434,6.336788145505831,6.336788145505831,0.15866762490354872,0.007887248,0.100041725,4.0005863e-05,0.11453672,0.6727549,1.0
8010000,1.3783852,169.89473684210526,0.9138753,0.06652402,6.504721839739028,6.504721839739028,0.07514864235094541,0.013374163,0.095858335,3.9992814e-05,0.047348678,0.7291094,1.0
8020000,1.396762,427.14285714285717,1.045138,0.060957618,5.9816270034414805,5.9816270034414805,0.19128747783939948,0.01330681,0.093243614,3.998111e-05,0.054252885,0.7741624,1.0
8030000,1.2843996,195.61904761904762,0.9977682,0.058128368,6.320774039818221,6.320774039818221,0.0952251149407987,0.020753523,0.098673604,3.996925e-05,0.04646025,0.7300576,1.0
8040000,1.2307913,86.1304347826087,0.96824664,0.059128247,5.756877597933255,5.756877597933255,0.04591416085705809,0.036123957,0.09951864,3.995606e-05,0.056743838,0.59406453,1.0
8050000,1.2023771,432.6666666666667,0.97934824,0.06430751,5.295957347599584,5.295957347599584,0.19596865757678947,0.03243625,0.094992645,3.9943065e-05,0.06006344,0.5741037,1.0
8060000,1.3156435,96.28571428571429,1.0190132,0.06371621,6.26206550457088,6.26206550457088,0.04136714436823413,0.028520646,0.10123536,3.9931227e-05,0.053404603,0.623858,1.0
8070000,1.4025253,175.75,0.9673747,0.0582226,5.887341679646496,5.887341679646496,0.0835885025386233,0.011673676,0.08989262,3.991946e-05,0.05068351,0.6600535,1.0
8080000,1.3661588,112.41666666666667,0.8757772,0.057422563,4.878286556644446,4.878286556644446,0.05601858056616038,0.025432438,0.10122834,3.9906525e-05,0.053418368,0.72596216,1.0
8090000,1.3219223,133.95,0.98342603,0.057899404,5.785262603520576,5.785262603520576,0.05991088947103847,0.059569847,0.096166,3.989348e-05,0.052221365,0.657895,1.0
8100000,1.427243,564.695652173913,0.9831752,0.05939037,6.055825951132092,6.055825951132092,0.47146838445174083,0.036115408,0.09416086,3.9880462e-05,0.07624807,0.7100476,1.0
8110000,1.4597403,160.28571428571428,0.95028,0.056931466,5.348822823873925,5.348822823873925,0.14460217818693558,0.012307271,0.08962117,3.9868675e-05,0.047980387,0.78750944,1.0
8120000,1.4250114,81.05882352941177,0.9544974,0.058021132,7.180834970053504,7.180834970053504,0.03500700939227553,0.2035559,0.095494464,3.9856972e-05,0.052036453,0.74465543,1.0
8130000,1.4193538,86.38888888888889,0.968083,0.05661209,6.8092512885729475,6.8092512885729475,0.027716720269785985,0.00472834,0.09326949,3.9843864e-05,0.04798295,0.6818324,1.0
8140000,1.4837909,66.875,0.89780426,0.05601614,7.685993059476217,7.685993059476217,0.02815198600292206,0.014883483,0.09144988,3.9830826e-05,0.048544563,0.70370156,1.0
8150000,1.4674417,313.4761904761905,0.9154851,0.05312873,5.332015795308123,5.332015795308123,0.14395337268731304,0.029698232,0.095967166,3.981783e-05,0.045051176,0.7492291,1.0
8160000,1.4443775,448.6666666666667,0.9622842,0.053205054,6.187922535265099,6.187922535265099,0.31336218565480695,0.08494006,0.09516608,3.980621e-05,0.051515914,0.74317205,1.0
8170000,1.3927436,130.0952380952381,0.9483012,0.052883655,5.952903092788397,5.952903092788397,0.04792451698865209,0.011337678,0.08766506,3.9794377e-05,0.05090878,0.71669537,1.0
8180000,1.4176999,124.77777777777777,0.90319514,0.05320781,6.516188199334364,6.516188199334364,0.0502567028419839,0.009221521,0.08466783,3.97813e-05,0.051050387,0.662947,1.0
8190000,1.4524436,168.27272727272728,0.9843663,0.05462413,5.852793709938211,5.852793709938211,0.08568795780857644,0.0076890565,0.092397645,3.9768067e-05,0.05138237,0.72219384,1.0
8200000,1.5112463,69.85714285714286,0.8236549,0.053719044,7.587259122303554,7.587259122303554,0.0330056349879929,0.0068281246,0.08757782,3.975634e-05,0.050555006,0.8139465,1.0
8210000,1.4234616,127.22222222222223,0.95736694,0.054036513,6.90810163906885,6.90810163906885,0.05534218926914036,0.050577782,0.09278977,3.9744846e-05,0.05207475,0.7281295,1.0
8220000,1.3223748,1523.421052631579,0.9793097,0.05859163,6.440254144607681,6.440254144607681,0.7110183645824069,0.024847874,0.09237262,3.973178e-05,0.057106983,0.5891403,1.0
8230000,1.2774209,321.95454545454544,0.9992367,0.062419113,5.767884545409484,5.767884545409484,0.18802979290062052,0.12381772,0.09068535,3.9718776e-05,0.060248934,0.51838446,1.0
8240000,1.2959499,154.27777777777777,1.0131081,0.06269754,7.209268253534248,7.209268253534248,0.06600456819352177,0.074427515,0.09392052,3.970562e-05,0.056672,0.5468937,1.0
8250000,1.2327725,204.45,1.0452652,0.06455915,6.715773979453158,6.715773979453158,0.10212058231700212,0.27566552,0.097887486,3.9693838e-05,0.06314625,0.5377959,1.0
8260000,1.1633644,79.26666666666667,0.8715088,0.066342264,7.089816610018413,7.089816610018413,0.038881404387454195,0.0119704055,0.085999176,3.968209e-05,0.06033852,0.47391382,1.0
8270000,1.1163867,281.27272727272725,1.0304031,0.067460425,5.932727228127822,5.932727228127822,0.14185223588852255,0.0063919844,0.0929434,3.9669045e-05,0.065703265,0.46954146,1.0
8280000,1.1517029,124.5,0.9596698,0.06534007,6.984166907950244,6.984166907950244,0.056537023124595485,0.032921456,0.08358958,3.9655948e-05,0.060294032,0.4448711,1.0
8290000,1.0972041,117.25,1.0233268,0.06603296,6.708071387966629,6.708071387966629,0.0638660597614944,0.010268752,0.093502015,3.9642902e-05,0.060644228,0.41619453,1.0
8300000,1.1950439,104.95,0.88288444,0.06708076,6.050647211628231,6.050647211628231,0.04488548687751111,0.007938927,0.08791844,3.963123e-05,0.06323822,0.451847,1.0
8310000,1.2715353,2085.2,0.9961323,0.06630539,5.912979902379265,5.912979902379265,1.1868039332773714,0.016493557,0.09846859,3.9619634e-05,0.05952083,0.4521224,1.0
8320000,1.347355,76.52941176470588,0.9822107,0.063238285,7.265488522894242,7.265488522894242,0.02673918490900713,0.002651237,0.0905382,3.9606784e-05,0.056892205,0.47894344,1.0
8330000,1.3398494,210.6315789473684,1.0609837,0.062660314,7.074485418801373,7.074485418801373,0.11850497684147406,0.0069393576,0.08867259,3.9593822e-05,0.054879677,0.46937647,1.0
8340000,1.2805806,67.66666666666667,0.85521406,0.064105086,7.564279243350029,7.564279243350029,0.02392371225037745,0.01919269,0.08631677,3.95809e-05,0.061688293,0.48098272,1.0
8350000,1.3390594,116.11111111111111,1.0419143,0.06255002,7.1068951673193,7.1068951673193,0.049568915041163564,0.004887409,0.09118831,3.956786e-05,0.054727506,0.49591723,1.0
8360000,1.4085033,1871.5714285714287,0.9371002,0.059433512,5.433684926653207,5.433684926653207,0.9827906570641235,0.022857308,0.088000886,3.955611e-05,0.05338217,0.5582182,1.0
8370000,1.4570806,181.35294117647058,0.8283688,0.055991795,6.0549477972650925,6.0549477972650925,0.07270820008809953,0.0036103446,0.087382235,3.9544007e-05,0.04545041,0.47392988,1.0
8380000,1.441408,145.69230769230768,0.6470908,0.054268736,6.213946435638578,6.213946435638578,0.07871823227749421,0.026151786,0.09599846,3.953082e-05,0.04899879,0.5085862,1.0
8390000,1.3987529,496.0869565217391,0.9738077,0.059764538,5.741823227821138,5.741823227821138,0.23374196480068823,0.04126563,0.09734919,3.951891e-05,0.05774332,0.42799014,1.0
8400000,1.35463,1027.2105263157894,0.940057,0.06037235,6.4370889231849775,6.4370889231849775,0.5481889978124711,0.22496672,0.097274676,3.9507268e-05,0.051923268,0.43391007,1.0
8410000,1.4634912,1987.7391304347825,0.87408406,0.057201266,4.504483548787917,4.504483548787917,1.4035852769773596,0.020930093,0.088890664,3.949426e-05,0.051116843,0.4438518,1.0
8420000,1.4719448,2214.65,0.75096476,0.053750448,5.008099491663748,5.008099491663748,1.2366305292584001,0.015791086,0.09396901,3.94812e-05,0.0477827,0.52105075,1.0
8430000,1.5113221,254.53846153846155,0.33233252,0.05138232,3.2646656193005024,3.2646656193005024,0.12388035504577252,0.053267132,0.09434745,3.946822e-05,0.047264267,0.5066403,1.0
8440000,1.5480907,220.8,0.87655365,0.050567586,6.254912298452429,6.254912298452429,0.09672108518425375,0.01006052,0.0977697,3.9456372e-05,0.045195658,0.57042646,1.0
8450000,1.5671825,102.61904761904762,0.9290272,0.048307043,5.616449788303987,5.616449788303987,0.04241265594782817,0.009283984,0.09595428,3.9444487e-05,0.04053598,0.5832489,1.0
8460000,1.5571679,216.35714285714286,0.61704284,0.044931825,5.591546034230949,5.591546034230949,0.08642621564545802,0.026645523,0.094945714,3.9431434e-05,0.04118742,0.60297596,1.0
8470000,1.5316594,159.2941176470588,0.74104416,0.05054768,5.98796234925726,5.98796234925726,0.07966554422369775,0.004774033,0.0919085,3.9418344e-05,0.04867996,0.48256436,1.0
8480000,1.566418,227.8,0.6699129,0.053098135,5.876555109809207,5.876555109809207,0.0981038372963667,0.044800334,0.09419869,3.940541e-05,0.051658183,0.6341063,1.0
8490000,1.5673606,211.8235294117647,0.638476,0.05627386,4.918555199760971,4.918555199760971,0.09363920405945357,0.02655834,0.09665641,3.9393737e-05,0.044288628,0.64303386,1.0
8500000,1.49267,225.69565217391303,1.0437918,0.05849804,6.184481687794299,6.184481687794299,0.11897783819079885,0.020018857,0.09741159,3.9381976e-05,0.04888048,0.6092508,1.0
8510000,1.478598,139.66666666666666,0.84913,0.056950983,4.585620798819832,4.585620798819832,0.08224105783544171,0.035770614,0.098165795,3.9369093e-05,0.04767042,0.57667816,1.0
8520000,1.4662344,164.34782608695653,0.9331585,0.056791496,5.377432134959315,5.377432134959315,0.0918012821177755,0.03001282,0.095105454,3.9356055e-05,0.052851796,0.57998,1.0
8530000,1.5493728,764.64,0.8707302,0.058913276,4.526935115843067,4.526935115843067,0.42344830424757673,0.038685463,0.09957294,3.9342845e-05,0.04800141,0.7205349,1.0
8540000,1.6176921,93.41666666666667,0.6144746,0.053589553,6.483905429641406,6.483905429641406,0.035678536243115865,0.045849994,0.0967745,3.9331026e-05,0.041421186,0.7849773,1.0
8550000,1.5782338,129.875,0.9115943,0.052440297,4.881028921270061,4.881028921270061,0.045730492502722576,0.014016822,0.09787349,3.931935e-05,0.04706621,0.6621627,1.0
8560000,1.5860723,282.40909090909093,0.9091873,0.04788898,5.240039688012893,5.240039688012893,0.12648278506557373,0.042380862,0.09705927,3.9306284e-05,0.042814966,0.6264385,1.0
8570000,1.5797404,140.5,0.87344354,0.049389303,5.632417800824399,5.632417800824399,0.0652078834711574,0.009990298,0.09014,3.92932e-05,0.03944156,0.59739244,1.0
8580000,1.5945988,73.84615384615384,0.70793974,0.048698056,7.241995967924595,7.241995967924595,0.04195845662616193,0.023807257,0.09214334,3.9280272e-05,0.04654168,0.5881787,1.0
8590000,1.5630339,198.94117647058823,0.7204597,0.054409098,5.003061072896632,5.003061072896632,0.11609750107810315,0.009708071,0.09382081,3.92684e-05,0.054240942,0.5753056,1.0
8600000,1.5569668,201.47058823529412,0.5198703,0.05205973,3.955111629545928,3.955111629545928,0.10259494716849397,0.03630901,0.0942502,3.925669e-05,0.05106615,0.48422956,1.0
8610000,1.578424,422.0,0.48598868,0.052559927,4.819546403805714,4.819546403805714,0.22210783697664738,0.049076863,0.098519035,3.9243547e-05,0.05288739,0.60558015,1.0
8620000,1.5695876,234.75,0.78213495,0.054631874,5.997722894497571,5.997722894497571,0.08963375803432427,0.04278115,0.09734623,3.9231687e-05,0.05172893,0.70040125,1.0
8630000,1.600022,961.3636363636364,0.33056918,0.053403664,3.8881365758532582,3.8881365758532582,0.5107083336704157,0.048926085,0.0925025,3.921975e-05,0.050515633,0.75667465,1.0
8640000,1.597693,169.75,0.09753378,0.054506786,2.7447657734155655,2.7447657734155655,0.07552340882830322,0.30857602,0.09537341,3.9206887e-05,0.058153413,0.7738222,1.0
8650000,1.5993221,82.73333333333333,0.7054208,0.057925314,6.954463412364324,6.954463412364324,0.054168180003762244,0.15337367,0.096837156,3.9193994e-05,0.048235394,0.853601,1.0
8660000,1.6206458,132.9,0.8550861,0.049592424,6.175079225093166,6.175079225093166,0.0638489162337578,0.113451466,0.09274164,3.9181024e-05,0.03951654,0.92606324,1.0
8670000,1.6397061,355.9,0.72463846,0.05345638,6.33241799568297,6.33241799568297,0.17524705943651497,0.08757254,0.09294763,3.9167946e-05,0.04680285,1.1363578,1.0
8680000,1.6138709,98.17647058823529,0.8004487,0.041669287,6.088609971790849,6.088609971790849,0.037509177968946886,0.08679061,0.09427042,3.9156177e-05,0.038690485,1.0720385,1.0
8690000,1.5983129,194.11111111111111,0.7412424,0.046454236,4.30287462508487,4.30287462508487,0.5289942725147638,0.03638787,0.09385,3.9144215e-05,0.039970912,0.89304525,1.0
8700000,1.6157612,2573.75,0.6920884,0.046339713,5.039575742766722,5.039575742766722,1.2758413867559284,0.033137385,0.094686724,3.913112e-05,0.05118859,0.93899184,1.0
8710000,1.6625992,3493.153846153846,0.31829947,0.05034529,1.8700457995638926,1.8700457995638926,1.8746056540313965,0.05375567,0.09409807,3.9118066e-05,0.035516866,0.9811212,1.0
8720000,1.6653562,315.3636363636364,0.762718,0.044723805,4.951819342524821,4.951819342524821,0.12328844653992829,0.0043498487,0.09360483,3.910604e-05,0.031651363,1.0636704,1.0
8730000,1.663665,2417.714285714286,0.9807121,0.043044444,6.256201222661455,6.256201222661455,1.1575670190975957,0.014539671,0.105379,3.9094244e-05,0.03616842,0.99467003,1.0
8740000,1.673307,162.0,0.680105,0.04124629,4.709117810882214,4.709117810882214,0.056579566560685635,0.045829654,0.09666983,3.9081264e-05,0.038603522,0.96777713,1.0
8750000,1.6865057,94.42857142857143,0.68512833,0.041601256,6.295491874217987,6.295491874217987,0.051890391922955005,0.0011798711,0.09215753,3.9068247e-05,0.033327706,1.0057825,1.0
8760000,1.6907995,120.61111111111111,0.6934785,0.036010187,4.574235618595026,4.574235618595026,0.034206005317779876,0.05180783,0.09058698,3.9055165e-05,0.030489724,1.0540422,1.0
8770000,1.6446309,153.94117647058823,0.9112873,0.03498744,6.640096023840795,6.640096023840795,0.05286835925653577,0.024159059,0.09995396,3.9043447e-05,0.034544654,1.0379642,1.0
8780000,1.6562605,267.4,0.9864599,0.037043158,6.402135167902289,6.402135167902289,0.10044803942437283,0.009337,0.09551509,3.903181e-05,0.035300102,1.0744406,1.0
8790000,1.5934381,860.1428571428571,0.9750383,0.039700814,5.976189478134798,5.976189478134798,0.37801153637424467,0.026391974,0.0938415,3.9018767e-05,0.041817855,0.8426219,1.0
8800000,1.5461911,112.16666666666667,0.9055924,0.04555064,6.058749319364197,6.058749319364197,0.054182567349117666,0.017317781,0.10091808,3.9005747e-05,0.050681006,0.7440532,1.0
8810000,1.533053,833.6818181818181,0.98645514,0.051256023,5.964637656280274,5.964637656280274,0.3804484356713312,0.033028945,0.10270899,3.8994036e-05,0.05470123,0.73766655,1.0
8820000,1.4943241,73.27777777777777,1.0189191,0.05446506,6.986060955458218,6.986060955458218,0.029442103708990745,0.010437612,0.09686637,3.898228e-05,0.05160152,0.7322994,1.0
8830000,1.41576,75.05555555555556,1.0606015,0.060779788,7.352724480960104,7.352724480960104,0.02800158416438434,0.0057558394,0.09615668,3.8969385e-05,0.059242554,0.575621,1.0
8840000,1.423062,949.2,0.7694743,0.06222836,4.258307272203448,4.258307272203448,0.5197194905244702,0.016365882,0.092483155,3.8956365e-05,0.06010623,0.56359875,1.0
8850000,1.4267696,316.1111111111111,0.76455426,0.064928606,5.182969839190732,5.182969839190732,0.15508705411431087,0.032609146,0.099648796,3.8943406e-05,0.05439328,0.59574264,1.0
8860000,1.4114425,178.0,0.9025722,0.059051976,6.305468267269006,6.305468267269006,0.03692177519486803,0.010642408,0.08950474,3.8930284e-05,0.053257894,0.5954774,1.0
8870000,1.4455105,206.52,0.9788036,0.058207408,4.753589699321669,4.753589699321669,0.13815525930392772,0.020028057,0.096183136,3.891861e-05,0.05505167,0.5991751,1.0
8880000,1.4688386,497.64,0.9013495,0.057844527,5.575371781609874,5.575371781609874,0.261834211453485,0.014513398,0.09198833,3.890692e-05,0.050140016,0.6618124,1.0
8890000,1.4892198,116.7,0.9126589,0.0544259,5.196312511816419,5.196312511816419,0.061446780316709054,0.023572844,0.10212314,3.889394e-05,0.048978843,0.80708045,1.0
8900000,1.4918765,111.72222222222223,0.9996298,0.054738294,6.838051552735597,6.838051552735597,0.07133779959339234,0.02516294,0.09245008,3.888082e-05,0.048202153,0.87036866,1.0
8910000,1.5441097,259.5,0.4438812,0.047976606,3.9094353786929497,3.9094353786929497,0.1453410369285848,0.047291137,0.097324826,3.886783e-05,0.043561123,0.9338959,1.0
8920000,1.5859265,183.2,0.22380243,0.04743637,1.616675639442388,1.616675639442388,0.12761060344055294,0.13420212,0.0949187,3.885609e-05,0.042923052,0.98860604,1.0
8930000,1.5724603,377.6111111111111,0.38519076,0.05142163,3.2097159842261846,3.2097159842261846,0.3042275375149021,0.016791722,0.10426921,3.8844286e-05,0.07619314,1.0676823,1.0
8940000,1.5445085,133.0,0.6139141,0.051629484,4.688466704696314,4.688466704696314,0.051237423033045265,0.019028286,0.09369415,3.8831102e-05,0.037103057,0.97075117,1.0
8950000,1.5117753,133.8095238095238,0.90270925,0.054106526,5.178000301100491,5.178000301100491,0.062015834774467204,0.020907173,0.101131976,3.881798e-05,0.038078424,0.922056,1.0
8960000,1.4701,1574.4583333333333,0.93036693,0.056818254,5.102690464330189,5.102690464330189,0.929850117773943,0.06645909,0.094649315,3.8806076e-05,0.04678204,0.8745709,1.0
8970000,1.4580795,85.25,1.029247,0.058202,6.4038477167487144,6.4038477167487144,0.04770628141704947,0.016011486,0.10067215,3.8794427e-05,0.05049608,0.83522636,1.0
8980000,1.3938795,870.1666666666666,0.8922954,0.05764256,4.692635664994581,4.692635664994581,0.4346583429116594,0.07804107,0.09539735,3.878135e-05,0.048873283,0.7263124,1.0
8990000,1.452371,97.85,0.96404207,0.061853595,6.010289268202281,6.010289268202281,0.04193817671364827,0.026349109,0.09101528,3.8768245e-05,0.05682523,0.7222046,1.0
9000000,1.4329697,113.3,0.92085207,0.06028677,6.026166260512055,6.026166260512055,0.053182077949474514,0.018428756,0.097318746,3.8756472e-05,0.049017765,0.8143461,1.0
9010000,1.3937291,463.2916666666667,0.9738386,0.05903914,5.179006711688183,5.179006711688183,0.21981822760775685,0.036502786,0.09982191,3.8744845e-05,0.046025157,0.73870724,1.0
9020000,1.4561679,99.8,0.9926745,0.06809619,5.80840194360353,5.80840194360353,0.048865074501372875,0.12239933,0.09692558,3.8731836e-05,0.11269374,0.807495,1.0
9030000,1.4615134,160.65217391304347,0.85955423,0.06577088,5.109048686538902,5.109048686538902,0.17312644871266125,0.020954479,0.09699406,3.8718827e-05,0.046386052,0.810709,1.0
9040000,1.5292501,100.64285714285714,0.7064242,0.058399558,5.655009522040685,5.655009522040685,0.03413777941217025,0.028775338,0.098735146,3.8705744e-05,0.04224747,0.92780006,1.0
9050000,1.542073,203.55555555555554,0.74567527,0.05607059,5.075776224598584,5.075776224598584,0.11177660215051016,0.037509087,0.09977702,3.8692717e-05,0.040657762,0.9936426,1.0
9060000,1.561339,436.77777777777777,0.9742277,0.05347351,6.83263564278868,6.83263564278868,0.19072987299619448,0.004418119,0.09625519,3.868119e-05,0.028510693,1.1279209,1.0
9070000,1.5803131,275.2,0.7796131,0.046680894,6.310087289600147,6.310087289600147,0.1068257184078296,0.007868582,0.09402686,3.8669365e-05,0.03252356,1.1497707,1.0
9080000,1.5313257,876.4736842105264,0.6983842,0.049297575,4.241409516992411,4.241409516992411,0.3951516517217418,0.06698593,0.09590409,3.8656308e-05,0.04188096,1.1133229,1.0
9090000,1.5238111,604.0,0.856133,0.053248446,5.568317431404379,5.568317431404379,0.2712297714421187,0.05899035,0.096082985,3.8643262e-05,0.03257418,1.1227701,1.0
9100000,1.4458652,2855.08,1.0350533,0.05526072,4.936196262335853,4.936196262335853,1.4222654500161298,0.030358097,0.09889136,3.8631526e-05,0.039258346,0.9897439,1.0
9110000,1.3689858,2725.8,0.9595114,0.058631193,5.139447891908437,5.139447891908437,1.2343636726413387,0.0643248,0.09408908,3.8619666e-05,0.052894663,0.79866713,1.0
9120000,1.2873684,180.8695652173913,0.8828801,0.06786584,4.152911876400401,4.152911876400401,0.10866464548820184,0.10561383,0.10043579,3.860669e-05,0.06051637,0.7143406,1.0
9130000,1.3305001,283.7647058823529,0.5167316,0.06506986,3.7535876090754856,3.7535876090754856,0.1884538507267066,0.2270005,0.09684331,3.859355e-05,0.051039405,0.71461934,1.0
9140000,1.3359267,176.7,0.5297652,0.06586263,2.8076145985708534,2.8076145985708534,0.08871164531446993,0.0680087,0.100810066,3.8580405e-05,0.05137841,0.7052013,1.0
9150000,1.2778696,136.9375,0.78145283,0.064102806,6.07556829594418,6.07556829594418,0.07966469303937629,0.053303402,0.09835921,3.8568654e-05,0.048849158,0.71624583,1.0
9160000,1.3056707,97.34615384615384,0.8783361,0.064014755,4.379316822361943,4.379316822361943,0.054681421839632094,0.115922555,0.09754108,3.8556882e-05,0.054026693,0.6420784,1.0
9170000,1.2762797,627.875,0.9785297,0.06219803,5.293442162047424,5.293442162047424,0.33021239065298386,0.066817895,0.09616037,3.854381e-05,0.053367056,0.6595323,1.0
9180000,1.2662351,400.8888888888889,0.44996923,0.057535198,2.925200164489361,2.925200164489361,0.24583213833264178,0.2475909,0.0905024,3.8530772e-05,0.056565385,0.607513,1.0
9190000,1.279325,132.3684210526316,0.6586259,0.063176505,4.859038559542234,4.859038559542234,0.07496315309483755,0.07809883,0.09882648,3.851786e-05,0.053922795,0.6176806,1.0
9200000,1.309467,201.76923076923077,0.77705103,0.062228665,3.2902407562278624,3.2902407562278624,0.11486593568966222,0.028921751,0.094890594,3.8506165e-05,0.056840125,0.62774307,1.0
9210000,1.4025427,169.5,0.5988939,0.059007373,3.0087920471946745,3.0087920471946745,0.09249652720124384,0.03685346,0.09441362,3.8494403e-05,0.049172662,0.7549368,1.0
9220000,1.4000052,597.9655172413793,0.7810692,0.06000367,3.7565991862000656,3.7565991862000656,0.34215780103916366,0.028120348,0.09889718,3.848144e-05,0.050587274,0.7680909,1.0
9230000,1.3968269,1469.9473684210527,0.83018273,0.061891947,2.9890199022887565,2.9890199022887565,0.7018742341571468,0.11763511,0.10022485,3.8468384e-05,0.048390083,0.76839805,1.0
9240000,1.3907297,116.8529411764706,0.9579789,0.063304454,4.640240044220058,4.640240044220058,0.061991610324612874,0.11441943,0.09776768,3.84565e-05,0.054113094,0.72388047,1.0
9250000,1.4430212,110.25,0.9356652,0.06380504,5.379185788527264,5.379185788527264,0.05884641423472203,0.021847356,0.09167792,3.8444505e-05,0.048613742,0.74997056,1.0
9260000,1.4348899,280.40909090909093,0.96669424,0.06076735,5.2725296259829335,5.2725296259829335,0.1374671257376163,0.07019564,0.091201186,3.843154e-05,0.04785974,0.72771657,1.0
9270000,1.433005,246.0,0.9540004,0.061473258,5.018207829496718,5.018207829496718,0.1282380893386779,0.04200306,0.09614502,3.841865e-05,0.04945131,0.76478183,1.0
9280000,1.3405625,138.3793103448276,0.9582704,0.06610805,4.147408460041351,4.147408460041351,0.08161267133204844,0.33980173,0.10103868,3.8405637e-05,0.05655657,0.63460517,1.0
9290000,1.2505012,424.15,0.8730852,0.067319795,6.619701812184037,6.619701812184037,0.24574189553386533,0.37809795,0.09508852,3.839384e-05,0.057248574,0.55459726,1.0
9300000,1.1941173,312.0285714285714,0.9716405,0.07137207,3.54037635313933,3.54037635313933,0.16953832140108502,0.20216627,0.09881894,3.838213e-05,0.06077812,0.43603793,1.0
9310000,1.2692777,1713.52,0.74926037,0.0699284,3.6758830692633473,3.6758830692633473,0.7423715528029089,0.3256427,0.09206508,3.8369104e-05,0.0562345,0.559255,1.0
9320000,1.222082,201.88,0.8904467,0.065176725,4.94643827266281,4.94643827266281,0.1077186110522598,0.04582842,0.09303342,3.8356062e-05,0.054213285,0.5978385,1.0
9330000,1.2187146,159.5185185185185,0.8294292,0.06371324,4.466935286376022,4.466935286376022,0.09331259293550695,0.047875237,0.097785205,3.8343052e-05,0.054018915,0.55605376,1.0
9340000,1.2190619,208.07407407407408,0.87042326,0.06461948,4.188548856371128,4.188548856371128,0.11435234737453154,0.113356024,0.101046056,3.8331335e-05,0.05651483,0.5520354,1.0
9350000,1.2196133,195.4,1.0195786,0.06707254,6.774315422424843,6.774315422424843,0.10036331622395664,0.014801291,0.09499269,3.8319682e-05,0.05447617,0.5511147,1.0
9360000,1.2591845,201.0,0.8548066,0.06569104,4.677159398268559,4.677159398268559,0.11694000596180558,0.12524273,0.09335393,3.8306775e-05,0.057149727,0.58074415,1.0
9370000,1.202281,233.46153846153845,0.9179663,0.06474231,4.831185668657847,4.831185668657847,0.14176482875504567,0.07723769,0.09711194,3.8293503e-05,0.05868476,0.549358,1.0
9380000,1.0642679,125.20833333333333,0.9795373,0.087663524,5.366143053038589,5.366143053038589,0.16840069511636102,0.046823423,0.09425888,3.8280315e-05,0.13091892,0.47569865,1.0
9390000,1.1355677,191.55555555555554,0.73580474,0.082268625,5.455561962594242,5.455561962594242,0.08869661026013394,0.05030655,0.09295589,3.826835e-05,0.056384455,0.47452354,1.0
9400000,1.2227019,294.17391304347825,0.9006555,0.076029636,4.974346556531332,4.974346556531332,0.16093617743304509,0.04464225,0.09463048,3.8256596e-05,0.059558682,0.4476975,1.0
9410000,1.3461748,214.30434782608697,0.8982466,0.069026135,5.354183376539731,5.354183376539731,0.11863069273971158,0.03288568,0.08980962,3.8243663e-05,0.05063812,0.6387589,1.0
9420000,1.30542,469.125,0.9818516,0.064543135,5.041556654913013,5.041556654913013,0.2841374454135075,0.015372226,0.097430885,3.823077e-05,0.05312853,0.6200173,1.0
9430000,1.2505376,109.79310344827586,1.0145102,0.065226875,4.284155956999367,4.284155956999367,0.05745610013977496,0.044560708,0.09450289,3.821786e-05,0.05423268,0.5471033,1.0
9440000,1.2328943,235.24,0.89001054,0.062743045,4.960977239339172,4.960977239339172,0.1421866321206835,0.053871866,0.0931246,3.820601e-05,0.053094614,0.59345984,1.0
9450000,1.2119653,163.58333333333334,0.95284694,0.065007515,5.018752969631236,5.018752969631236,0.08967451164033263,0.17104894,0.0996592,3.81942e-05,0.057795286,0.52128804,1.0
9460000,1.2371964,171.45833333333334,0.9629468,0.06568203,5.110627528985595,5.110627528985595,0.07779291572417908,0.0072930492,0.095855124,3.81811e-05,0.054617144,0.525662,1.0
9470000,1.2271335,101.52173913043478,0.925964,0.065818384,5.790136257749636,5.790136257749636,0.05564475378386029,0.05840095,0.10052174,3.8167993e-05,0.054759394,0.55990654,1.0
9480000,1.2382922,506.8421052631579,1.0335377,0.06455182,6.506962959028947,6.506962959028947,0.29310419417819694,0.036597475,0.092971645,3.815614e-05,0.048882514,0.58427507,1.0
9490000,1.2807095,138.57692307692307,0.94675195,0.061972328,4.844297788423528,4.844297788423528,0.08595904500879652,0.034485593,0.09367547,3.814436e-05,0.053924788,0.59627837,1.0
9500000,1.3039204,482.5,0.9318741,0.06097076,5.241301074140084,5.241301074140084,0.27940560936804104,0.009103476,0.09479843,3.8131166e-05,0.04917173,0.6635052,1.0
9510000,1.3078036,131.57692307692307,0.9707463,0.059636697,4.975051103608935,4.975051103608935,0.057501013833993614,0.09953549,0.09908572,3.811789e-05,0.047387652,0.69670796,1.0
9520000,1.1639562,97.89473684210526,0.93864435,0.061139036,5.604677001964056,5.604677001964056,0.054403144621143214,0.024349352,0.09828523,3.810603e-05,0.05360904,0.5814396,1.0
9530000,1.1208401,130.04347826086956,0.8381669,0.06288642,5.182648831240261,5.182648831240261,0.0606859378114512,0.04825688,0.0950344,3.809446e-05,0.056850266,0.47552124,1.0
9540000,1.2406137,134.65,1.0098394,0.06488452,6.0072540897964,6.0072540897964,0.053232670650773105,0.02066815,0.098054476,3.808142e-05,0.05414226,0.54494596,1.0
9550000,1.3186904,125.6,0.88180506,0.05949779,5.569159798139299,5.569159798139299,0.0679751092218794,0.09869659,0.09813966,3.8068272e-05,0.055766582,0.68004847,1.0
9560000,1.3348365,365.54545454545456,0.90602255,0.06191881,5.206350854785625,5.206350854785625,0.2701438702007925,0.23664802,0.095671654,3.80564e-05,0.05055151,0.6596251,1.0
9570000,1.3322772,110.04347826086956,0.92588234,0.05781992,5.29462414578634,5.29462414578634,0.0525438548065722,0.051090397,0.09347936,3.804463e-05,0.046861686,0.7211045,1.0
9580000,1.323076,72.76190476190476,1.0106597,0.05889426,6.9373200088739395,6.9373200088739395,0.031800173311716036,0.07736958,0.09382202,3.8031685e-05,0.050849855,0.62312,1.0
9590000,1.4096788,87.3157894736842,0.9777537,0.056772903,6.40581719015532,6.40581719015532,0.036776881591465915,0.009439837,0.09288038,3.801856e-05,0.046701934,0.736926,1.0
9600000,1.3586243,353.5,0.88318473,0.056387886,5.537349322800745,5.537349322800745,0.18936325639951973,0.02050843,0.09263718,3.8005506e-05,0.05144935,0.69417036,1.0
9610000,1.36665,121.1304347826087,0.9293031,0.06098906,5.436184826317122,5.436184826317122,0.052003380245245666,0.025102088,0.09471549,3.7993657e-05,0.051539984,0.669449,1.0
9620000,1.4020653,170.45,0.94938284,0.057824846,6.291971410781684,6.291971410781684,0.07751053232932463,0.018630076,0.09233018,3.798183e-05,0.04941982,0.74434817,1.0
9630000,1.3806647,116.19047619047619,0.95875674,0.05789966,6.1684035332189175,6.1684035332189175,0.04936760072063234,0.018716823,0.10026561,3.796879e-05,0.05028514,0.7495847,1.0
9640000,1.3507429,73.0,0.91850567,0.059049066,5.211442349986597,5.211442349986597,0.030660773362879725,0.038443375,0.09098856,3.7955782e-05,0.05221047,0.7246922,1.0
9650000,1.3394643,1101.1304347826087,0.97385985,0.060398284,5.30090403981795,5.30090403981795,0.6177641656705299,0.06143598,0.09906428,3.794283e-05,0.050922513,0.73392534,1.0
9660000,1.3129241,86.95,1.0370691,0.062821664,7.088758326723013,7.088758326723013,0.03455415584980265,0.01946903,0.09978679,3.7931186e-05,0.052405618,0.65860903,1.0
9670000,1.3044806,381.1904761904762,0.9943234,0.063440196,5.36018367702123,5.36018367702123,0.1716919968709011,0.026244292,0.09840887,3.7919363e-05,0.049649697,0.60732543,1.0
9680000,1.282912,979.375,0.8800977,0.061990518,4.8983730057959205,4.8983730057959205,0.5534505797186284,0.023416528,0.09659783,3.7906364e-05,0.05291643,0.60088575,1.0
9690000,1.303588,724.5,0.6699269,0.060281683,4.408266354186755,4.408266354186755,0.41507781173705177,0.041874584,0.09783016,3.7893282e-05,0.05525543,0.6252648,1.0
9700000,1.3230954,187.35,0.9543323,0.06161982,6.641372256662379,6.641372256662379,0.10066622296082121,0.028373314,0.095620416,3.7881397e-05,0.080133885,0.6682353,1.0
9710000,1.3789377,212.44,0.61245537,0.059157256,3.2146363526300283,3.2146363526300283,0.21199215997266188,0.049239065,0.09781096,3.786962e-05,0.045866374,0.69877684,1.0
9720000,1.3866079,326.85,0.997153,0.060383294,5.958678886921223,5.958678886921223,0.15628029132217525,0.19095886,0.09664579,3.78565e-05,0.05080514,0.660162,1.0
9730000,1.4547533,156.83333333333334,0.9719972,0.055946995,5.160872014682241,5.160872014682241,0.06700423465614828,0.012417276,0.09493407,3.7843456e-05,0.040627886,0.8167319,1.0
9740000,1.4515598,654.95,0.9098861,0.052671686,6.158962352709101,6.158962352709101,0.30346795457880943,0.01782416,0.09462802,3.783159e-05,0.04267292,0.8480463,1.0
9750000,1.4022294,416.5833333333333,0.9081318,0.05063462,5.016186611691167,5.016186611691167,0.2073670651810497,0.009254913,0.091996595,3.7819664e-05,0.041662864,0.9006777,1.0
9760000,1.4131103,427.6,0.9729622,0.05443048,5.987365030786883,5.987365030786883,0.20407037293937588,0.010621677,0.09921904,3.780644e-05,0.054638047,0.81541955,1.0
9770000,1.4108939,220.17391304347825,0.7498057,0.054828286,3.8129316492455576,3.8129316492455576,0.1161318630506487,0.064738914,0.094750606,3.779317e-05,0.04070895,0.8896354,1.0
9780000,1.3990403,705.7916666666666,0.6974731,0.052479353,3.180159759200745,3.180159759200745,0.3748023746022208,0.022553645,0.09988108,3.7781192e-05,0.04080294,0.8627683,1.0
9790000,1.3793819,144.08333333333334,0.74518305,0.049885623,4.0754892375228104,4.0754892375228104,0.04886127761225604,0.042139556,0.0920948,3.7769405e-05,0.03846086,0.8875636,1.0
9800000,1.3907446,720.9615384615385,0.9216995,0.046760704,4.822665943804808,4.822665943804808,0.32770550175784874,0.0269878,0.094866276,3.7756392e-05,0.03366689,0.95985997,1.0
9810000,1.3877928,856.875,0.88036823,0.046578895,4.850230632725031,4.850230632725031,0.42483112487146474,0.049800817,0.10098597,3.7743295e-05,0.036701854,0.9780571,1.0
9820000,1.3432219,121.33333333333333,0.93789047,0.047505677,4.883297760247562,4.883297760247562,0.06832543894415721,0.05987676,0.09672523,3.7730322e-05,0.033833098,0.9653079,1.0
9830000,1.3196905,249.8095238095238,0.92747456,0.04431479,5.625356646417006,5.625356646417006,0.08835342730439845,0.009345246,0.092159994,3.77186e-05,0.033299047,0.96698266,1.0
9840000,1.2852445,147.57142857142858,0.79101497,0.04578695,4.047095150652014,4.047095150652014,0.059701615042698636,0.015192698,0.09363514,3.7706915e-05,0.0394318,0.8548233,1.0
9850000,1.3080567,118.25,0.87846375,0.045214407,4.493227185196325,4.493227185196325,0.04633098999881346,0.02380664,0.09645761,3.769398e-05,0.03243586,0.90324575,1.0
9860000,1.32459,247.08695652173913,0.9697338,0.04714044,4.856774769311511,4.856774769311511,0.09493223627847013,0.019880284,0.09665291,3.768103e-05,0.039527975,0.8677455,1.0
9870000,1.4000192,226.66666666666666,0.8913099,0.04935017,4.731860608662028,4.731860608662028,0.09000640594251763,0.008391054,0.09223817,3.7668033e-05,0.04383717,0.85873175,1.0
9880000,1.4355909,83.2,0.8934606,0.052371226,5.972486691747326,5.972486691747326,0.033498532729572615,0.015542002,0.099373564,3.7656235e-05,0.043150086,0.88402975,1.0
9890000,1.4275818,1069.107142857143,0.90898645,0.049454138,4.358539909543081,4.358539909543081,0.5427535287245908,0.009990504,0.09553026,3.7644473e-05,0.040128537,0.8626456,1.0
9900000,1.4451586,252.52941176470588,0.80066496,0.048620764,6.373743473449415,6.373743473449415,0.10712369019165635,0.008071517,0.09388027,3.7631376e-05,0.037423916,0.8870964,1.0
9910000,1.429983,179.75,0.9583119,0.04698347,5.82631792914335,5.82631792914335,0.07785221721663522,0.03664642,0.09602982,3.7618367e-05,0.039442267,0.8892473,1.0
9920000,1.3998171,103.21739130434783,1.0002345,0.0488388,5.6589258936752795,5.6589258936752795,0.03906235797686626,0.03495765,0.09908259,3.760627e-05,0.048703093,0.7882754,1.0
9930000,1.3946458,271.3,1.006937,0.05214397,4.627365776019943,4.627365776019943,0.12212603050187075,0.040454786,0.09836162,3.759446e-05,0.040856563,0.8069316,1.0
9940000,1.4127717,180.8095238095238,0.9767403,0.05289133,6.246189776087877,6.246189776087877,0.11161367361602884,0.19758458,0.10062623,3.7581456e-05,0.044496346,0.8165037,1.0
9950000,1.4276819,230.70833333333334,1.0229107,0.053476837,5.329958010526492,5.329958010526492,0.10035107144115803,0.061856873,0.09742115,3.756844e-05,0.049298506,0.8715609,1.0
9960000,1.4155893,309.15384615384613,1.1334684,0.0565035,5.203553858834569,5.203553858834569,0.14885471728988564,0.07729988,0.09839982,3.7555415e-05,0.04716786,0.85067904,1.0
9970000,1.3884703,127.76,1.105231,0.05740597,5.446360846243979,5.446360846243979,0.055088033098727465,0.06332691,0.086590946,3.754366e-05,0.050843317,0.7582716,1.0
9980000,1.383737,727.4090909090909,0.90523225,0.058365144,5.784292668008812,5.784292668008812,0.49615305153253886,0.015318801,0.09440436,3.7531827e-05,0.04834795,0.7388289,1.0
9990000,1.4378814,135.79310344827587,0.9919779,0.058338966,4.294035906507452,4.294035906507452,0.06687292777371176,0.020680517,0.09401434,3.7518726e-05,0.046781916,0.77902603,1.0
10000000,1.489079,4102.52,0.74298066,0.056749437,3.610017779182668,3.610017779182668,2.074270143026952,0.055187903,0.10007481,3.7505495e-05,0.047988933,0.89038914,1.0
10010000,1.5413393,587.9090909090909,0.79578614,0.05428038,4.279075521473838,4.279075521473838,0.22726076622063335,0.029869705,0.094906196,3.7493715e-05,0.041608922,0.9922652,1.0
10020000,1.6133326,178.61111111111111,1.0145713,0.0583624,6.827422686445957,6.827422686445957,0.07485229051154521,0.027214214,0.10060344,3.7482056e-05,0.15704577,1.2081295,1.0
10030000,1.6144168,175.47368421052633,0.97001433,0.050269615,6.4239214417740325,6.4239214417740325,0.0638623824833255,0.01193922,0.09774527,3.746889e-05,0.022080027,1.2746108,1.0
10040000,1.6384177,338.0,0.53518367,0.043572698,4.141509737765495,4.141509737765495,0.11553488257211736,0.031062221,0.09389912,3.7455542e-05,0.021403242,1.2776039,1.0
10050000,1.5307003,180.95238095238096,0.95552295,0.042901486,5.8042060293405155,5.8042060293405155,0.057290901407776845,0.18047209,0.08992882,3.744384e-05,0.03261569,1.0394204,1.0
10060000,1.516806,166.54166666666666,0.89387345,0.0449881,4.4118076637409525,4.4118076637409525,0.07153675899149903,0.039171916,0.091927126,3.743213e-05,0.03825023,1.0409124,1.0
10070000,1.4994034,513.4074074074074,0.9223224,0.051160477,4.906898017124346,4.906898017124346,0.23977351961926055,0.12229093,0.096064016,3.7418715e-05,0.04950104,0.84857523,1.0
10080000,1.6126673,112.06666666666666,0.6326701,0.053199828,4.446518227830111,4.446518227830111,0.061946803354658186,0.038709234,0.10363843,3.740554e-05,0.034799125,1.0280304,1.0
10090000,1.6047761,125.0,0.8437087,0.042174272,6.231023806227836,6.231023806227836,0.034580541089834535,0.01707102,0.096489795,3.7393715e-05,0.019222995,1.2990808,1.0
10100000,1.608635,3552.5238095238096,0.9953898,0.038444858,5.240343039769087,5.240343039769087,1.79166167564801,0.01337486,0.09422442,3.7382e-05,0.026795382,1.1402609,1.0
10110000,1.5644884,168.0952380952381,0.9582564,0.03730556,5.976634777090281,5.976634777090281,0.05671210195093105,0.02698434,0.09206544,3.7368965e-05,0.02860989,1.1871287,1.0
10120000,1.5524646,11343.192307692309,0.96882486,0.042369075,4.166354437891382,4.166354437891382,4.74691509801778,0.033871435,0.09538022,3.735582e-05,0.042704023,0.9102952,1.0
10130000,1.5599874,130.55,0.960564,0.049408928,6.249224769242119,6.249224769242119,0.05006887200288475,0.03567213,0.095963374,3.734301e-05,0.10096298,0.8787974,1.0
10140000,1.5550967,181.52173913043478,0.99451935,0.0544479,6.047043318342431,6.047043318342431,0.13640859765608027,0.040764406,0.091868,3.733141e-05,0.03803489,0.88602585,1.0
10150000,1.543462,97.44444444444444,0.99131346,0.053585693,6.121655858742694,6.121655858742694,0.041837950211225286,0.016991878,0.09511033,3.731966e-05,0.04498572,0.89735013,1.0
10160000,1.5369611,475.5263157894737,0.9361124,0.056666996,6.261291237717192,6.261291237717192,0.1868045360477279,0.016649717,0.09364053,3.730666e-05,0.042701513,0.8857319,1.0
10170000,1.5855587,567.5217391304348,0.67545843,0.05639973,3.6330864308867494,3.6330864308867494,0.22612227011615005,0.06106318,0.08937056,3.729369e-05,0.040215857,0.92153233,1.0
10180000,1.5626954,409.53846153846155,0.877647,0.055079088,5.102580708478258,5.102580708478258,0.19329274512827396,0.12021442,0.096053734,3.728066e-05,0.044609975,0.9229811,1.0
10190000,1.5849117,483.16,0.98502004,0.05701105,5.0817336508787125,5.0817336508787125,0.35648184088699053,0.023849351,0.0967656,3.7268663e-05,0.042019278,0.9188242,1.0
10200000,1.6120753,1543.3333333333333,0.6933891,0.054489225,4.401794213136755,4.401794213136755,0.57403522537465,0.06849006,0.09636332,3.725663e-05,0.035309486,0.97574615,1.0
10210000,1.5529066,289.9259259259259,0.9986875,0.05145115,4.659791608040643,4.659791608040643,0.1144176537428783,0.08219753,0.09441757,3.7243433e-05,0.037062794,0.93738806,1.0
10220000,1.5118045,167.0,0.8849659,0.05318858,3.930237199801391,3.930237199801391,0.07221022663348965,0.027091315,0.09646751,3.7230173e-05,0.045530993,0.79280066,1.0
10230000,1.5158075,463.5238095238095,0.87221146,0.05624644,5.531211406050963,5.531211406050963,0.17888642570913016,0.034727592,0.0996125,3.7218488e-05,0.048861776,0.7646709,1.0
10240000,1.4311289,235.63333333333333,0.89958924,0.061216593,4.286193596384836,4.286193596384836,0.11022387022264944,0.028430128,0.09528876,3.7206446e-05,0.051087894,0.74236315,1.0
10250000,1.4255308,433.1388888888889,0.88566595,0.05805768,3.3937810707873615,3.3937810707873615,0.19825078315739428,0.06731507,0.0960045,3.719332e-05,0.04409079,0.775571,1.0
10260000,1.3997742,240.45454545454547,0.8151914,0.056410957,3.297709399564523,3.297709399564523,0.18850182661558254,0.070636705,0.09810241,3.7181402e-05,0.043946363,0.74782586,1.0
10270000,1.315066,124.21052631578948,0.92177063,0.0744618,3.4620297713373462,3.4620297713373462,0.06216363003521732,0.057568442,0.094223574,3.71696e-05,0.06460001,0.72348905,1.0
10280000,1.254391,292.1875,0.9485187,0.06660776,3.966876427738493,3.966876427738493,0.12604436783623252,0.03206014,0.09812895,3.7156606e-05,0.04839933,0.6615566,1.0
10290000,1.282523,246.33333333333334,0.6739249,0.061176553,3.780875155075762,3.780875155075762,0.12597972322022544,0.09003097,0.1051838,3.714356e-05,0.05161584,0.66984594,1.0
10300000,1.2238045,180.96428571428572,0.70977277,0.061264493,3.7519754457006225,3.7519754457006225,0.10043927671439531,0.087187454,0.09524964,3.713043e-05,0.0520071,0.6640903,1.0
10310000,1.1809428,128.78571428571428,0.82372403,0.06354031,3.7623642092795966,3.7623642092795966,0.08283329127774433,0.4065063,0.09433991,3.711867e-05,0.06418823,0.5806869,1.0
10320000,1.1983322,275.95238095238096,0.6881417,0.06468041,3.8039406075995443,3.8039406075995443,0.19465144420973957,0.15246338,0.09557365,3.710695e-05,0.052033614,0.6630069,1.0
10330000,1.2441574,553.2962962962963,0.6281509,0.06119756,3.3868590783300654,3.3868590783300654,0.2764120071522956,0.10123958,0.09602076,3.7093883e-05,0.046329238,0.69633925,1.0
10340000,1.1728656,298.16,0.97360843,0.061830718,4.713979030381739,4.713979030381739,0.14512931674253196,0.107292034,0.09544711,3.7080677e-05,0.049283627,0.6525705,1.0
10350000,1.2374551,220.8846153846154,1.0277915,0.061399736,5.73441607723468,5.73441607723468,0.10545694479682985,0.07202637,0.09629251,3.706879e-05,0.04448106,0.69625604,1.0
10360000,1.3308601,226.16,0.93034315,0.0613389,4.915620276392904,4.915620276392904,0.1006393394432962,0.08282792,0.09595688,3.7056983e-05,0.21173286,0.699267,1.0
10370000,1.3162361,165.19230769230768,0.92294014,0.06511886,4.658251708600606,4.658251708600606,0.08685632055410399,0.025074188,0.09413271,3.7043756e-05,0.048309974,0.6998241,1.0
10380000,1.3771108,267.34615384615387,0.94554156,0.059893724,4.8413777564353015,4.8413777564353015,0.2941656170699459,0.029612873,0.0962631,3.7030775e-05,0.04036394,0.7571039,1.0
10390000,1.4141765,199.82608695652175,1.0149127,0.059773017,5.380217183881987,5.380217183881987,0.08465399946410047,0.03377875,0.100421354,3.701792e-05,0.046448983,0.76376176,1.0
10400000,1.3511059,167.6875,0.8616991,0.060204353,3.911079313460266,3.911079313460266,0.07877773010723983,0.11931178,0.09541908,3.7006008e-05,0.049617384,0.6246016,1.0
10410000,1.3745806,164.03846153846155,1.0130652,0.0762125,4.85782198137439,4.85782198137439,0.28248384179055896,0.14762539,0.094633095,3.6994064e-05,0.10494957,0.69454646,1.0
10420000,1.3057731,125.5,0.8309152,0.07269249,3.6490896607082832,3.6490896607082832,0.05562719261749104,0.038594466,0.10119228,3.6980822e-05,0.047244124,0.6840153,1.0
10430000,1.2611957,453.0,0.6091094,0.06508812,4.70211432049319,4.70211432049319,0.21780975583630305,0.06547749,0.0991379,3.6969006e-05,0.047973376,0.60686564,1.0
10440000,1.1879773,138.2173913043478,0.64930296,0.06369003,3.0832026899758738,3.0832026899758738,0.1969607272527039,0.08218678,0.098776355,3.6957288e-05,0.08129736,0.5990412,1.0
10450000,1.2008654,253.38095238095238,0.5964723,0.074887194,0.9739351191425806,0.9739351191425806,0.5843442806730136,0.10521735,0.09687556,3.6944246e-05,0.094389424,0.64080954,1.0
10460000,1.1187909,367.2608695652174,0.36087194,0.097665034,0.022104984127336635,0.022104984127336635,0.6954053921027757,0.16514301,0.11107689,3.6931393e-05,0.12811036,0.5983599,1.0
10470000,1.0411143,317.0,0.51797223,0.105370715,1.8754767397775696,1.8754767397775696,0.2648594700524252,0.09688251,0.104177594,3.6918278e-05,0.06610088,0.5203513,1.0
10480000,1.0658873,661.5882352941177,0.3141526,0.08838826,0.574500420965676,0.574500420965676,0.5494225425623239,0.07575729,0.10223685,3.690655e-05,0.0755399,0.53704804,1.0
10490000,1.0402217,291.44444444444446,0.31739166,0.07786631,0.8885441820194196,0.8885441820194196,0.25183768719176036,0.07147408,0.092197046,3.6894726e-05,0.07082333,0.4969895,1.0
10500000,1.0353625,197.0,0.5147873,0.08256879,2.352307954655027,2.352307954655027,0.3248672609562467,0.07544067,0.09930009,3.6881822e-05,0.080653116,0.48237157,1.0
10510000,1.0260195,299.4117647058824,0.48796573,0.073783986,3.810950925209357,3.810950925209357,0.1969249366221073,0.06536715,0.099410154,3.6868667e-05,0.057885446,0.46488786,1.0
10520000,1.015612,1222.5238095238096,0.0349828,0.080237925,-0.922395850444364,-0.922395850444364,0.7673586441713269,0.10047211,0.0951976,3.6855374e-05,0.06809427,0.47701126,1.0
10530000,1.0005674,218.3684210526316,0.38791808,0.06973437,2.3965538627111527,2.3965538627111527,0.18806111483136193,0.17002642,0.091256246,3.6843627e-05,0.06490372,0.43388492,1.0
10540000,1.0523392,138.88888888888889,0.38249654,0.06430608,3.116884182357783,3.116884182357783,0.12044817848131703,0.062864564,0.09435738,3.6831967e-05,0.05638188,0.43351975,1.0
10550000,1.0905144,1256.9,0.41148183,0.06529642,2.447575204797672,2.447575204797672,0.6701220905105012,0.124260046,0.10063116,3.6818798e-05,0.1086501,0.528519,1.0
10560000,1.0927515,344.5,0.28744844,0.06499445,1.689905142650932,1.689905142650932,0.35416645074830105,0.22975227,0.09456572,3.68056e-05,0.062338125,0.49842605,1.0
10570000,1.0925511,124.29629629629629,0.1455078,0.062834956,0.5355133287529504,0.5355133287529504,0.13344646816403838,0.21485882,0.107810594,3.679376e-05,0.05724425,0.5275878,1.0
10580000,1.0833133,395.2142857142857,0.4164709,0.076594725,3.4148726966341285,3.4148726966341285,0.7258324458463383,0.05686692,0.09438742,3.6782032e-05,0.09801146,0.49814382,1.0
10590000,1.0803928,108.75,0.41053358,0.07337109,2.9611338526010513,2.9611338526010513,0.19569353047700133,0.095739946,0.09851107,3.676918e-05,0.08389016,0.49020296,1.0
10600000,1.0618092,728.0833333333334,0.28811753,0.06611754,2.1358172765644485,2.1358172765644485,0.562466572143118,0.12758763,0.09835993,3.675627e-05,0.08203532,0.44529176,1.0
10610000,1.0434659,294.8,0.2881423,0.06753666,0.49780756897153544,0.49780756897153544,0.460775540524628,0.047807645,0.09669273,3.674318e-05,0.053727698,0.46246368,1.0
10620000,1.0593696,1545.1764705882354,0.06867591,0.071442254,0.4379037147316657,0.4379037147316657,0.9196921384120609,0.0913234,0.09383159,3.6731406e-05,0.08849845,0.45571756,1.0
10630000,1.0696692,194.89473684210526,0.19759308,0.08883945,2.6323747438819316,2.6323747438819316,0.17272599913198255,0.105905965,0.09606224,3.6719743e-05,0.059936423,0.50358725,1.0
10640000,1.093352,171.2941176470588,0.22680849,0.0692752,2.0894117831536705,2.0894117831536705,0.09369510336888626,0.042700216,0.09840408,3.670669e-05,0.0538827,0.5135659,1.0
10650000,1.1521825,175.8,0.1564543,0.06384617,0.7098810601824848,0.7098810601824848,0.45326384043316165,0.09608954,0.0915907,3.6693782e-05,0.071788244,0.540079,1.0
10660000,1.159136,157.28571428571428,0.33763,0.0608417,3.7611540247619684,3.7611540247619684,0.14215644212838793,0.08133549,0.09729185,3.668086e-05,0.052263755,0.5401897,1.0
10670000,1.15913,684.8148148148148,0.5696723,0.07077128,3.727113028199458,3.727113028199458,0.46757165565698716,0.0696013,0.10604723,3.6667876e-05,0.056968153,0.52816415,1.0
10680000,1.2001104,233.96969696969697,0.82138884,0.057792883,4.290256404708154,4.290256404708154,0.14868968124960014,0.052767806,0.10164658,3.6656118e-05,0.05317309,0.5172324,1.0
10690000,1.2052666,246.6969696969697,0.8868358,0.06023891,3.60300754856797,3.60300754856797,0.12061150961865981,0.17390789,0.09620849,3.6644353e-05,0.047471724,0.5037297,1.0
10700000,1.1891696,126.21212121212122,0.8816079,0.066519365,3.4844321177160964,3.4844321177160964,0.06094882210823016,0.040124703,0.099030875,3.663139e-05,0.055856943,0.55637944,1.0
10710000,1.1854275,114.96,0.97059524,0.07393185,4.44967982254009,4.44967982254009,0.05083607860769217,0.07333257,0.096908316,3.6618323e-05,0.1094477,0.51552033,1.0
10720000,1.1991091,119.66666666666667,0.8748283,0.08170043,5.07499374300685,5.07499374300685,0.20216110437398865,0.067140564,0.09620158,3.6606383e-05,0.054402225,0.51055884,1.0
10730000,1.2581471,325.7647058823529,0.83573484,0.07586535,3.394602340183142,3.394602340183142,0.17698999148963004,0.16378841,0.095836334,3.6594527e-05,0.05098498,0.5644606,1.0
10740000,1.3507895,225.6,0.981091,0.073002666,5.8070763751282195,5.8070763751282195,0.10198716771386292,0.08343107,0.09521505,3.6581332e-05,0.04580611,0.61720264,1.0
10750000,1.3288872,217.32,1.0320619,0.06611291,5.333039805776934,5.333039805776934,0.11334457230539276,0.096305355,0.095520355,3.656806e-05,0.047251314,0.60295314,1.0
10760000,1.2813451,108.6,1.0253046,0.06344582,4.85421685885638,4.85421685885638,0.056289701348141534,0.1788156,0.09743722,3.655624e-05,0.048827015,0.5706807,1.0
10770000,1.226674,147.9090909090909,1.0117352,0.06647286,6.004088166423819,6.004088166423819,0.10673217474488245,0.03950427,0.09485356,3.654447e-05,0.059346844,0.5598402,1.0
10780000,1.2655971,228.63333333333333,0.9134172,0.07299306,3.754263732102543,3.754263732102543,0.1336235786184261,0.02659089,0.09349516,3.6531474e-05,0.055625975,0.5185353,1.0
10790000,1.3441204,130.63636363636363,0.803308,0.06802165,4.842895524068312,4.842895524068312,0.076551293192262,0.12775357,0.09661491,3.651846e-05,0.049855925,0.6232943,1.0
10800000,1.376697,192.06666666666666,0.6225193,0.066425025,4.797741072019562,4.797741072019562,0.08697564148211054,0.067454316,0.09553243,3.650528e-05,0.04923095,0.6626045,1.0
10810000,1.3501267,490.2692307692308,0.512303,0.06298804,2.6714489888851656,2.6714489888851656,0.29278282369799585,0.08875207,0.10568948,3.6493533e-05,0.050420485,0.6488625,1.0
10820000,1.3684484,136.33333333333334,0.53917414,0.06194813,3.087875004192548,3.087875004192548,0.06651681319012173,0.23071983,0.1007181,3.6481862e-05,0.046744056,0.6731126,1.0
10830000,1.3552921,124.76470588235294,0.7247075,0.064211555,5.254337190406873,5.254337190406873,0.06895894014879185,0.049901657,0.09498697,3.646884e-05,0.051345386,0.66544783,1.0
10840000,1.3436195,153.7,0.6728942,0.06407632,4.044725608060617,4.044725608060617,0.08399257499040687,0.028028563,0.09717049,3.645568e-05,0.052366205,0.6747896,1.0
10850000,1.4070176,420.8695652173913,0.4820083,0.06115797,2.2747051754174885,2.2747051754174885,0.21919206931741667,0.06971428,0.0954197,3.644384e-05,0.047024176,0.70566094,1.0
10860000,1.4368445,116.45,0.7896788,0.05978335,5.142093037028017,5.142093037028017,0.052283152122981846,0.023024658,0.09325316,3.6432164e-05,0.044218812,0.7770518,1.0
10870000,1.5005119,262.85714285714283,0.65286446,0.054455657,4.186955345143123,4.186955345143123,0.12694436996909125,0.07100524,0.097030975,3.6419027e-05,0.03590834,0.93150216,1.0
10880000,1.5645347,161.0,0.5760802,0.05283747,4.206159262801883,4.206159262801883,0.06374564257738016,0.040639248,0.10492928,3.6405818e-05,0.036786016,0.99629307,1.0
10890000,1.567848,262.5,0.7099076,0.050543092,4.556436822975458,4.556436822975458,0.20092648011036546,0.037246387,0.095887735,3.6392754e-05,0.07808405,1.0404187,1.0
10900000,1.5838621,280.22222222222223,0.50496715,0.052318648,3.9202352854173452,3.9202352854173452,0.13911436205833322,0.013940617,0.094961725,3.6381047e-05,0.040158283,0.9701724,1.0
10910000,1.594772,294.8421052631579,0.71941096,0.05246198,5.3678092362957335,5.3678092362957335,0.13431072774294175,0.057911336,0.09769,3.636915e-05,0.032451704,1.0603657,1.0
10920000,1.5674225,358.2608695652174,0.8190337,0.04778303,4.767036217757696,4.767036217757696,0.1643390239703215,0.049862456,0.09279679,3.6356003e-05,0.031563718,1.0407436,1.0
10930000,1.5811303,137.33333333333334,0.75871116,0.05248409,5.928484978991037,5.928484978991037,0.05883539211936295,0.08592615,0.09786099,3.6342914e-05,0.06636078,1.0386499,1.0
10940000,1.5491072,1278.6666666666667,0.69125533,0.047480375,3.63774075665679,3.63774075665679,0.6507266051171777,0.037049096,0.09249187,3.6331094e-05,0.031888206,1.0541513,1.0
10950000,1.4637102,334.0,0.8359606,0.049550433,3.1313966567869924,3.1313966567869924,0.2493198108208804,0.066701606,0.09552356,3.631945e-05,0.043562032,0.8313397,1.0
10960000,1.5118554,240.0625,0.8735032,0.051860806,4.138810301295806,4.138810301295806,0.08629829945763753,0.03411632,0.09747772,3.6306494e-05,0.04615011,0.8448386,1.0
10970000,1.4600376,137.24,0.94593924,0.05907012,4.405644889388772,4.405644889388772,0.1479975513469141,0.09172244,0.10147588,3.6293477e-05,0.05938018,0.81099844,1.0
10980000,1.458853,299.26666666666665,0.9957998,0.06258868,4.7581971682951485,4.7581971682951485,0.11884012243485656,0.04588449,0.09833436,3.6280555e-05,0.045214213,0.78971416,1.0
10990000,1.4620502,111.10714285714286,0.8645127,0.06202478,3.805612461931842,3.805612461931842,0.06574198736905537,0.16027479,0.10362341,3.6268757e-05,0.04522967,0.83100235,1.0
11000000,1.4413282,193.96428571428572,0.71918184,0.06264786,3.5512003921927087,3.5512003921927087,0.07132327852391258,0.16372922,0.09657867,3.6257028e-05,0.04017505,0.8573014,1.0
11010000,1.451396,198.625,0.7162231,0.057006326,3.374934704289409,3.374934704289409,0.10866396067664028,0.086027585,0.100113854,3.6243804e-05,0.040167835,0.7910768,1.0
11020000,1.3956748,197.56521739130434,0.5064212,0.057021476,3.4942210134704066,3.4942210134704066,0.3105271303972151,0.16647041,0.0986037,3.6230653e-05,0.077533886,0.73932517,1.0
11030000,1.3808292,375.7096774193548,0.6958229,0.0721037,2.3135259424354526,2.3135259424354526,0.3688946309294777,0.18769534,0.097681,3.6218808e-05,0.12357001,0.76846117,1.0
11040000,1.4076015,128.0909090909091,0.9106142,0.0686852,5.427576918807116,5.427576918807116,0.05883665904614397,0.03247116,0.095037855,3.6206977e-05,0.046183795,0.6863386,1.0
11050000,1.3414917,209.32142857142858,0.93309844,0.058476787,3.866976458576999,3.866976458576999,0.0978267727311634,0.049396113,0.09980799,3.6193855e-05,0.045993585,0.7071795,1.0
11060000,1.3878624,401.21875,0.9312427,0.05781585,4.1431818540621785,4.1431818540621785,0.1928285958883715,0.075510666,0.0944048,3.6180612e-05,0.045119748,0.70764583,1.0
11070000,1.3691113,123.56,0.8271928,0.055210665,4.535606220079525,4.535606220079525,0.07167982388413154,0.011532822,0.09038017,3.6168836e-05,0.03501858,0.8006584,1.0
11080000,1.2973311,328.1923076923077,0.9569008,0.05787276,5.414105000936911,5.414105000936911,0.1574298805743456,0.06040948,0.10420269,3.6157107e-05,0.042869754,0.7244258,1.0
11090000,1.2266306,145.33333333333334,0.93715346,0.056999993,3.439095147826219,3.439095147826219,0.07946244787522386,0.08122925,0.09800546,3.614386e-05,0.047528576,0.6150731,1.0
11100000,1.28778,255.9090909090909,0.74702567,0.054571368,4.922074416739863,4.922074416739863,0.102540415844747,0.10781739,0.09706934,3.6130758e-05,0.042546414,0.6570251,1.0
11110000,1.2975245,137.54545454545453,0.776083,0.06804114,3.1795480200741877,3.1795480200741877,0.20947881718925404,0.12406912,0.0953456,3.6117857e-05,0.0741597,0.66146654,1.0
11120000,1.3221663,143.44444444444446,0.9391952,0.06902409,4.633155732737833,4.633155732737833,0.07134155278025126,0.047973394,0.10158693,3.6106132e-05,0.047008332,0.6116226,1.0
11130000,1.3994428,136.28571428571428,0.9875159,0.06780685,6.634589006771267,6.634589006771267,0.05121139048133046,0.022230914,0.09870864,3.609449e-05,0.043287538,0.66626465,1.0
11140000,1.374466,205.96296296296296,1.0341325,0.06917498,4.826119114632816,4.826119114632816,0.11057548981813982,0.08989059,0.093084306,3.6081612e-05,0.047668256,0.68859243,1.0
11150000,1.3702903,81.0,0.9375859,0.062448002,6.010158436863046,6.010158436863046,0.032341572309010906,0.09254679,0.09487064,3.6068683e-05,0.04576421,0.68365175,1.0
11160000,1.2901456,319.72,0.9695288,0.06771868,4.639886029960958,4.639886029960958,0.13555233183135898,0.028636301,0.09103369,3.6055866e-05,0.053063314,0.5823289,1.0
11170000,1.3961143,172.63636363636363,1.0059177,0.06700854,6.022973842861796,6.022973842861796,0.08027109492732878,0.043190338,0.089087054,3.604289e-05,0.04637482,0.64208263,1.0
11180000,1.4041169,227.21052631578948,1.0102248,0.07142944,6.638527713149271,6.638527713149271,0.11050200800558455,0.16011208,0.10054105,3.6031182e-05,0.046326987,0.70245177,1.0
11190000,1.3101163,227.08,0.86111474,0.06699871,4.5321281978668715,4.5321281978668715,0.11230393746402115,0.027667213,0.09597962,3.601935e-05,0.04656692,0.611939,1.0
11200000,1.3327104,272.1,0.8877473,0.06668693,4.211196000283278,4.211196000283278,0.1302824382648396,0.032881655,0.10282246,3.6006295e-05,0.049894173,0.55110663,1.0
11210000,1.3171661,185.2173913043478,0.9584011,0.06743562,5.589899860489777,5.589899860489777,0.10310490381063732,0.05184204,0.096084304,3.5993366e-05,0.049024303,0.58287996,1.0
11220000,1.338132,160.5,0.88940674,0.068469144,4.301994333814483,4.301994333814483,0.08047136197977428,0.05344733,0.09773899,3.598043e-05,0.051171295,0.5898079,1.0
11230000,1.2404988,106.81481481481481,0.9014177,0.06815702,4.30783102621596,4.30783102621596,0.055028148744070304,0.03820952,0.093728915,3.596874e-05,0.05646963,0.5473953,1.0
11240000,1.2777888,237.21428571428572,1.0482728,0.07068102,5.595379955014799,5.595379955014799,0.13879632601014305,0.14709783,0.098992884,3.5956866e-05,0.048357643,0.5523564,1.0
11250000,1.2384433,132.16129032258064,0.9644195,0.06570078,3.658717816043925,3.658717816043925,0.06664568748662703,0.063105,0.09013058,3.5943835e-05,0.05098192,0.544186,1.0
11260000,1.2500101,309.27272727272725,0.96655893,0.06405801,5.567027192780444,5.567027192780444,0.16379433396716855,0.013001415,0.09493672,3.5930854e-05,0.047479384,0.58427215,1.0
11270000,1.2719314,139.0909090909091,0.96582156,0.06254159,5.172135081258602,5.172135081258602,0.07529320766810667,0.2612526,0.09625844,3.5917903e-05,0.049742088,0.6199311,1.0
11280000,1.2901347,113.41666666666667,1.0307645,0.060916524,5.892214191922297,5.892214191922297,0.0537653061413342,0.06083111,0.10078432,3.5906138e-05,0.04693611,0.6046144,1.0
11290000,1.376663,396.42105263157896,0.9667095,0.05912664,6.82911749373822,6.82911749373822,0.17216468070278337,0.03866823,0.09730046,3.5894453e-05,0.044093616,0.72744226,1.0
11300000,1.3652377,183.11111111111111,0.9183431,0.060483973,4.331488446022725,4.331488446022725,0.10388094333379909,0.2170368,0.09575241,3.588147e-05,0.04527668,0.8054162,1.0
11310000,1.3910292,232.33333333333334,1.0004358,0.06148522,5.651107329100796,5.651107329100796,0.1255933916247566,0.21500508,0.09957104,3.5868463e-05,0.06438036,0.8083909,1.0
11320000,1.398013,226.35,0.8701912,0.06700334,5.701079915556861,5.701079915556861,0.10854513477534056,0.008058349,0.09723826,3.5855344e-05,0.04201133,0.8253536,1.0
11330000,1.2873931,136.36,1.0001043,0.068585895,4.706389350455547,4.706389350455547,0.07416082960508692,0.16401924,0.094974086,3.5843368e-05,0.043845885,0.6921151,1.0
11340000,1.358371,113.9090909090909,0.8623938,0.06756014,4.998282163536641,4.998282163536641,0.053570916317932475,0.1130441,0.09439418,3.58315e-05,0.045276802,0.72500783,1.0
11350000,1.42416,215.71428571428572,0.87457573,0.06185558,5.579081542790699,5.579081542790699,0.15495952541560395,0.016212773,0.09685167,3.581837e-05,0.03930021,0.8063733,1.0
11360000,1.4240983,100.38888888888889,0.98484075,0.05904865,7.161644332654153,7.161644332654153,0.03262494561365909,0.008747526,0.09919154,3.5805384e-05,0.039280377,0.8821722,1.0
11370000,1.3678936,534.9615384615385,0.9190942,0.06436803,5.268661741379564,5.268661741379564,0.26849546872036767,0.026196046,0.098501384,3.5793677e-05,0.04811668,0.7317858,1.0
11380000,1.3767737,162.57142857142858,0.93810356,0.06417784,5.587441335639274,5.587441335639274,0.06169808769066419,0.032112896,0.10028545,3.5782035e-05,0.03992568,0.8177291,1.0
11390000,1.2994106,304.25,0.8266163,0.059246067,4.216500159534642,4.216500159534642,0.13026479227684312,0.08245436,0.09859649,3.576915e-05,0.043218993,0.7419022,1.0
11400000,1.3245327,127.63636363636364,1.0470107,0.061599232,5.9590467282907555,5.9590467282907555,0.06739210378674959,0.030271392,0.0975555,3.5756046e-05,0.045779005,0.71812046,1.0
11410000,1.3344758,242.25,0.9316577,0.06031053,4.931323215545544,4.931323215545544,0.09467281562198575,0.099291705,0.098497234,3.5742945e-05,0.043767452,0.7000129,1.0
11420000,1.4123622,101.39285714285714,0.8655383,0.062062737,4.053258996220559,4.053258996220559,0.03944206145440278,0.019015407,0.09933824,3.573115e-05,0.040984258,0.791718,1.0
11430000,1.3837364,97.05263157894737,0.9280973,0.06299074,6.357225303576438,6.357225303576438,0.04853354840490379,0.048387714,0.09159832,3.571922e-05,0.053386472,0.7429282,1.0
11440000,1.4295055,117.38888888888889,0.8830557,0.062116396,6.377532871168417,6.377532871168417,0.039750969166763954,0.011497389,0.09803912,3.5706216e-05,0.037127275,0.8767456,1.0
11450000,1.4689369,275.15,0.71343786,0.05748827,4.586416778343768,4.586416778343768,0.14330013972357847,0.045481354,0.097339906,3.569331e-05,0.039412487,0.8797113,1.0
11460000,1.4338923,83.3529411764706,0.87113893,0.055460967,6.679961087072597,6.679961087072597,0.030988580300746596,0.0052275555,0.09373446,3.5680278e-05,0.03824034,0.9129939,1.0
11470000,1.4197669,250.72222222222223,0.89063025,0.052541114,6.267083708253504,6.267083708253504,0.10552971485433066,0.05424693,0.094565175,3.566857e-05,0.04040692,0.8199568,1.0
11480000,1.5323168,126.26315789473684,0.93241155,0.04935509,6.61968283653892,6.61968283653892,0.040581611528371773,0.0057340143,0.09676681,3.5656885e-05,0.030581173,1.0877657,1.0
11490000,1.5081403,232.6818181818182,0.9953638,0.04479924,6.572088388352989,6.572088388352989,0.08913421003228944,0.042184517,0.0872689,3.5643778e-05,0.028502116,1.1041771,1.0
11500000,1.4018477,653.7894736842105,0.9791936,0.048726227,6.546996319722358,6.546996319722358,0.31425368308555335,0.04254069,0.09566259,3.5630757e-05,0.0333664,0.9371233,1.0
11510000,1.3865844,174.0,0.918598,0.04789109,6.002163636733625,6.002163636733625,0.057881220296258105,0.037541423,0.10111966,3.56178e-05,0.039274894,0.86193323,1.0
11520000,1.3376974,149.57692307692307,0.878608,0.051866002,4.318338151572627,4.318338151572627,0.06430513145867735,0.07900047,0.098966554,3.5606165e-05,0.042800326,0.73917323,1.0
11530000,1.4210646,103.3529411764706,0.8331651,0.05360302,6.291762920233854,6.291762920233854,0.0346550979754991,0.0062432876,0.08880219,3.5594578e-05,0.043950647,0.79516596,1.0
11540000,1.3990548,117.76190476190476,0.9776079,0.055550348,6.548671556517365,6.548671556517365,0.06517754139495083,0.11312245,0.092591904,3.558158e-05,0.046068013,0.83125365,1.0
11550000,1.3575603,97.63636363636364,0.9402973,0.055565692,5.675055865762735,5.675055865762735,0.05251078400507812,0.015794089,0.09634273,3.5568664e-05,0.046203434,0.7732363,1.0
11560000,1.2214452,1207.3703703703704,0.9379039,0.06004943,4.708460144083481,4.708460144083481,0.588286346270858,0.033489306,0.10256169,3.555554e-05,0.048711605,0.67024744,1.0
11570000,1.1598716,91.61904761904762,0.91899335,0.06971504,5.64334036338897,5.64334036338897,0.049750101852363775,0.15934914,0.09786689,3.55437e-05,0.05872875,0.56399643,1.0
11580000,1.2264768,207.75,0.96971095,0.07309698,6.069294946746413,6.069294946746413,0.11727452678605914,0.01982886,0.09008764,3.5531666e-05,0.05112139,0.6344505,1.0
11590000,1.2409289,118.9,0.98438203,0.06669283,6.4874174935888735,6.4874174935888735,0.05230716018922976,0.022772286,0.09368758,3.55182e-05,0.052891247,0.6707932,1.0
11600000,1.1736377,189.55555555555554,0.9615652,0.06386548,6.927426572431008,6.927426572431008,0.09071129431120223,0.011886762,0.092051834,3.5506368e-05,0.046993416,0.62195086,1.0
11610000,1.0982461,167.0,1.06978,0.066497296,7.175344671073713,7.175344671073713,0.027443887494308383,0.13942036,0.094753906,3.5494675e-05,0.049857102,0.5595728,1.0
11620000,1.0789976,130.4,0.9712397,0.06576492,6.222079536564853,6.222079536564853,0.10908028243353501,0.106576644,0.09593375,3.5481527e-05,0.05042873,0.498439,1.0
11630000,1.1092577,714.875,0.8715526,0.067156695,4.498637977994969,4.498637977994969,0.3454133555084506,0.014723013,0.094088815,3.5468438e-05,0.056692697,0.52496505,1.0
11640000,1.166635,623.6,0.74073035,0.06875614,6.403451957857103,6.403451957857103,0.28546565168847643,0.040469833,0.092681,3.5455472e-05,0.14469674,0.5262434,1.0
11650000,1.1356957,99.29166666666667,0.9271158,0.07715454,5.164188733426651,5.164188733426651,0.1615545637789637,0.02360314,0.088452004,3.544372e-05,0.049821373,0.53571093,1.0
11660000,1.1558101,76.78947368421052,0.93813646,0.074442014,6.2376361733398715,6.2376361733398715,0.028736234354590506,0.06765998,0.094724275,3.543208e-05,0.08548952,0.57160586,1.0
11670000,1.2225348,118.5,0.6738993,0.07294784,5.545979790389538,5.545979790389538,0.048830850182899406,0.03665266,0.097983316,3.541918e-05,0.04808566,0.6101447,1.0
11680000,1.2925614,221.33333333333334,0.6711099,0.066207744,5.126763945629743,5.126763945629743,0.11073177386230479,0.029843453,0.102691315,3.540615e-05,0.046362944,0.63641155,1.0
11690000,1.3928316,587.0555555555555,0.5567906,0.059626147,3.765856347431044,3.765856347431044,0.31306521261028725,0.0440908,0.09766068,3.5392957e-05,0.04237781,0.7850445,1.0
11700000,1.4173609,401.0952380952381,0.58840466,0.055784874,3.0724306810177935,3.0724306810177935,0.25793172332950315,0.05510381,0.094415344,3.5381207e-05,0.05417195,0.9158613,1.0
11710000,1.3775331,90.75,0.6865833,0.05842901,6.239033939937751,6.239033939937751,0.1550840795195351,0.026575724,0.1011212,3.536942e-05,0.049625766,0.8142517,1.0
11720000,1.3769232,239.0,0.8704539,0.064608954,5.562409171100111,5.562409171100111,0.12865196269756946,0.051652938,0.092486635,3.535634e-05,0.039884727,0.8155711,1.0
11730000,1.3439242,200.6818181818182,0.9490371,0.06389916,5.497680161708281,5.497680161708281,0.07771306450519225,0.059216667,0.095914856,3.5343284e-05,0.04193768,0.7461584,1.0
11740000,1.3343611,105.73333333333333,0.7410534,0.06413423,5.909348457554976,5.909348457554976,0.03286472916758309,0.03605251,0.09155995,3.5331534e-05,0.06743595,0.674273,1.0
11750000,1.3654621,1008.7692307692307,0.7515641,0.06276446,3.8086530683114828,3.8086530683114828,0.5775700883943605,0.012778771,0.09121983,3.5319634e-05,0.037503112,0.79975194,1.0
11760000,1.3546317,128.5909090909091,0.71389323,0.05850868,4.332297162739998,4.332297162739998,0.04499553957827051,0.045313746,0.09564698,3.530652e-05,0.03936716,0.81420803,1.0
11770000,1.3725332,108.41176470588235,0.8497345,0.060459234,6.477165144008776,6.477165144008776,0.05291703418718979,0.03352318,0.0925538,3.5293204e-05,0.04353884,0.78733367,1.0
11780000,1.3644761,112.04347826086956,1.0111077,0.056995854,5.651931588720206,5.651931588720206,0.05121743455959443,0.009716875,0.09482026,3.528032e-05,0.038717397,0.80849475,1.0
11790000,1.4268371,2499.529411764706,0.9240042,0.053662974,6.756614271737948,6.756614271737948,1.2057035681380726,0.0019911812,0.08960728,3.526855e-05,0.034052595,0.91728383,1.0
11800000,1.4716502,159.25,0.7276956,0.046235073,5.3553097284673825,5.3553097284673825,0.04816128707898315,0.027439123,0.09634699,3.525694e-05,0.031571835,0.9652132,1.0
11810000,1.5137717,194.1,0.78441966,0.043293525,5.484508828827477,5.484508828827477,0.08248743165750057,0.025867227,0.094149865,3.5243585e-05,0.028881114,1.1447184,1.0
11820000,1.4713473,1388.6,0.97108257,0.048948213,4.748032678530962,4.748032678530962,0.6920644484367222,0.024259435,0.0964755,3.523055e-05,0.039090775,1.0222161,1.0
11830000,1.4977951,82.6,0.7774738,0.05468813,6.435955224419013,6.435955224419013,0.04467124030149231,0.05638673,0.09823608,3.5218764e-05,0.033610605,1.1136258,1.0
11840000,1.5211351,773.1578947368421,0.72747684,0.0593037,5.071390892040576,5.071390892040576,0.32597726832854707,0.04788061,0.098523304,3.5207086e-05,0.029354757,1.1043503,1.0
11850000,1.5568839,347.3181818181818,0.8687161,0.059754014,5.579312368558029,5.579312368558029,0.11428925406124274,0.031153122,0.09293862,3.5194076e-05,0.024710845,1.1896904,1.0
11860000,1.587497,121.0,0.92042613,0.05792465,5.482700408603705,5.482700408603705,0.04266921685276819,0.008372035,0.095037095,3.5181052e-05,0.023394533,1.2416124,1.0
11870000,1.6235491,880.0555555555555,0.855208,0.05277548,6.151327263358313,6.151327263358313,0.34928596531648914,0.0040034405,0.09416876,3.516802e-05,0.01761499,1.3561,1.0
11880000,1.6191015,76.70588235294117,0.9420456,0.053041186,7.229275664862464,7.229275664862464,0.01964222876738538,0.00034460577,0.097957306,3.5156256e-05,0.0140298465,1.3954198,1.0
11890000,1.6397393,362.52941176470586,0.8583139,0.04617629,6.982113075830182,6.982113075830182,0.08278608371791266,0.009153996,0.096995294,3.5144458e-05,0.010741437,1.4725044,1.0
11900000,1.5819734,273.7142857142857,0.93619597,0.04179736,6.3465749311266375,6.3465749311266375,0.05870812540663229,0.02956527,0.09546555,3.513133e-05,0.015215364,1.3852184,1.0
11910000,1.5342526,82.11111111111111,1.0086787,0.046345234,7.544805220437839,7.544805220437839,0.02712535657851464,0.021308463,0.10003152,3.511816e-05,0.025640864,1.2280744,1.0
11920000,1.4860314,195.72,0.9422652,0.050129775,4.717218246853912,4.717218246853912,0.0888995631695434,0.034102064,0.09974567,3.5106405e-05,0.034994915,0.9696185,1.0
11930000,1.5158397,128.0,1.0225183,0.05493598,6.443618202094326,6.443618202094326,0.04143296841066331,0.012243089,0.09371598,3.5094534e-05,0.03110845,1.0649822,1.0
11940000,1.4765226,227.45,0.9798254,0.056234494,6.699523380040953,6.699523380040953,0.07455557687545049,0.018501606,0.09660578,3.5081543e-05,0.038393214,1.0619377,1.0
11950000,1.3715289,67.53333333333333,1.0588573,0.073382184,7.4623625837266445,7.4623625837266445,0.07403778086882085,0.015714793,0.098752774,3.506859e-05,0.058605872,0.86060745,1.0
11960000,1.300341,246.45833333333334,0.95689934,0.07767628,5.109414077349444,5.109414077349444,0.1844028189605448,0.055956744,0.09360788,3.5055557e-05,0.051062327,0.7697829,1.0
11970000,1.3168374,125.65217391304348,0.9497263,0.08423573,5.0315739600520315,5.0315739600520315,0.06325996665122069,0.01804881,0.096692845,3.5043784e-05,0.04501145,0.72711414,1.0
11980000,1.3454211,159.55,0.94485414,0.08796399,6.080467819248548,6.080467819248548,0.06508029848337174,0.04273715,0.096551076,3.503207e-05,0.10297285,0.7636569,1.0
11990000,1.3920226,434.63157894736844,0.93029726,0.08543016,6.276790565141985,6.276790565141985,0.15646950700810472,0.0069935075,0.091962256,3.5019017e-05,0.040753644,0.7982446,1.0
12000000,1.431382,113.5,0.93089396,0.07425458,6.743586545116664,6.743586545116664,0.03739469348349505,0.16266677,0.092863865,3.500604e-05,0.0340564,0.87810075,1.0
12010000,1.3776189,126.83333333333333,0.925406,0.072097845,6.718177150955783,6.718177150955783,0.047879867281557784,0.11150299,0.09306671,3.4993187e-05,0.04397837,0.8090216,1.0
12020000,1.3327848,454.8695652173913,0.8446165,0.07077601,4.917048152240989,4.917048152240989,0.19303819202595268,0.012903164,0.10365618,3.49815e-05,0.039440863,0.7095537,1.0
12030000,1.3525035,240.8181818181818,0.83147955,0.06974612,4.697556456013569,4.697556456013569,0.22006025532821447,0.15468584,0.097501494,3.4969737e-05,0.046650846,0.76148957,1.0
12040000,1.3124993,1106.857142857143,0.6695363,0.06659469,4.26281482345323,4.26281482345323,0.44666266920761527,0.05891698,0.09911948,3.4956647e-05,0.04329361,0.73853385,1.0
12050000,1.399838,106.57894736842105,0.9537963,0.07774454,6.425954449848321,6.425954449848321,0.03861643230591558,0.018721659,0.09620495,3.494359e-05,0.042866096,0.75846696,1.0
12060000,1.4563622,131.3181818181818,0.946468,0.07428339,5.4987346570825055,5.4987346570825055,0.05485482382143594,0.003011634,0.0919707,3.4930417e-05,0.036341976,0.8916074,1.0
12070000,1.5075487,91.72222222222223,0.9577646,0.07209896,6.764011359411395,6.764011359411395,0.028208899751512542,0.012568494,0.098416746,3.491874e-05,0.028772587,1.0250627,1.0
12080000,1.4581457,243.54545454545453,0.95281595,0.069762334,5.501988674897831,5.501988674897831,0.07555616595147346,0.008675339,0.09377052,3.4907018e-05,0.030151328,1.0337174,1.0
12090000,1.4341199,205.0,0.92441624,0.06802463,5.794048770723065,5.794048770723065,0.06749847712926567,0.01720294,0.09957151,3.4893885e-05,0.033735566,0.9292587,1.0
12100000,1.41658,143.07692307692307,0.96288675,0.072542466,4.727790177505325,4.727790177505325,0.08715184345298137,0.03503142,0.09304895,3.48809e-05,0.052242957,0.94749606,1.0
12110000,1.4448271,93.78947368421052,0.9595842,0.08374658,6.101878825958824,6.101878825958824,0.054410121330109085,0.038806666,0.09158839,3.4867808e-05,0.035567112,0.9751415,1.0
12120000,1.4729949,123.44444444444444,0.93789,0.08379162,7.267399145565394,7.267399145565394,0.056164122755742736,0.015250343,0.094334215,3.4856144e-05,0.036367778,1.0195498,1.0
12130000,1.4561248,121.65,0.67851704,0.07326085,3.632830645089291,3.632830645089291,0.05988826106186025,0.051819168,0.0908159,3.484443e-05,0.03925177,0.9296692,1.0
12140000,1.4321468,228.42105263157896,0.81471497,0.08037126,5.6709974235597045,5.6709974235597045,0.0956666169161173,0.0042296015,0.09090007,3.483147e-05,0.03430257,0.92516804,1.0
12150000,1.4706898,85.23809523809524,0.9019316,0.07804807,6.153127582476008,6.153127582476008,0.02824034721594444,0.0076040165,0.09642611,3.4818368e-05,0.03324829,0.971873,1.0
12160000,1.343244,224.0952380952381,1.0023152,0.08471515,6.520107533162259,6.520107533162259,0.09154476169940262,0.06986069,0.09514962,3.4805278e-05,0.040229566,0.86813337,1.0
12170000,1.371509,80.16666666666667,1.0155072,0.09163022,7.12604427632093,7.12604427632093,0.026171682929424078,0.0005522711,0.095672786,3.479369e-05,0.03776779,0.8670246,1.0
12180000,1.4049703,83.36842105263158,0.9870654,0.08139781,6.379905859694669,6.379905859694669,0.031143247885139363,0.014459682,0.097366564,3.478186e-05,0.033531442,0.96701086,1.0
12190000,1.4156036,368.6666666666667,0.9312867,0.06584479,5.404690005368036,5.404690005368036,0.14778280996203344,0.034565423,0.09902611,3.476899e-05,0.0377919,0.8680418,1.0
12200000,1.5414122,88.73076923076923,0.91611546,0.05303843,4.432521207544666,4.432521207544666,0.03729414148927809,0.0672107,0.095369376,3.475587e-05,0.023731671,1.1867115,1.0
12210000,1.6123136,64.52941176470588,0.9766864,0.048131227,7.635499432682991,7.635499432682991,0.01036198576366587,0.0003376482,0.09704386,3.474273e-05,0.017262518,1.3650024,1.0
12220000,1.6497909,158.42857142857142,0.66866404,0.037081927,5.133127509543275,5.133127509543275,0.047507101676698464,0.0180295,0.10267538,3.4731078e-05,0.010503405,1.4941629,1.0
12230000,1.6349748,121.21428571428571,0.782708,0.035719547,7.0337231584957625,7.0337231584957625,0.02499749394909096,0.093993776,0.08975647,3.4719396e-05,0.06965791,1.4514453,1.0
12240000,1.6209923,580.7333333333333,0.6378877,0.038171496,4.2976777720196155,4.2976777720196155,0.6505003115065241,0.09705214,0.099381045,3.4706107e-05,0.035817333,1.4333951,1.0
12250000,1.5965779,1558.7857142857142,0.54039633,0.03990525,3.941535364579157,3.941535364579157,0.900941443600459,0.08222452,0.09198355,3.4692966e-05,0.032209225,1.3433393,1.0
12260000,1.6065968,169.77777777777777,0.8264809,0.06644361,5.62715786362988,5.62715786362988,0.2034894609034956,0.010050874,0.0924132,3.468133e-05,0.023949217,1.3221123,1.0
12270000,1.573439,7259.666666666667,0.9580025,0.046783797,5.688120013764125,5.688120013764125,3.360838841474788,0.019399025,0.0931653,3.4669625e-05,0.023444032,1.3012793,1.0
12280000,1.6023903,127.95,0.9445733,0.044029497,6.040751437329682,6.040751437329682,0.04268708722374868,0.043537565,0.098343,3.4656565e-05,0.027145648,1.2775695,1.0
12290000,1.6254375,1202.6315789473683,0.86768216,0.038929466,5.943513034608691,5.943513034608691,0.4112249595292317,0.0026412227,0.09454366,3.4643588e-05,0.017893745,1.4170998,1.0
12300000,1.5247415,183.0,0.9680628,0.04256104,5.731507618000488,5.731507618000488,0.07197048605441869,0.011642489,0.09726918,3.463064e-05,0.021193374,1.3375694,1.0
12310000,1.4261987,227.96153846153845,0.92698777,0.049290575,5.487116007218879,5.487116007218879,0.07897205506742466,0.022494871,0.095331684,3.461883e-05,0.035053946,1.0367707,1.0
12320000,1.3914249,592.0384615384615,0.92183584,0.05785102,4.261201479263895,4.261201479263895,0.21588804497262643,0.044948667,0.092801794,3.4607125e-05,0.03432074,0.958461,1.0
12330000,1.460891,221.45454545454547,0.9197843,0.058300216,5.640374749987033,5.640374749987033,0.05949424828445031,0.009239762,0.1001033,3.459415e-05,0.028047536,1.1409324,1.0
12340000,1.5003144,127.48,0.94734645,0.0617021,4.868565058890881,4.868565058890881,0.03400899717817083,0.023602646,0.09469761,3.4581193e-05,0.02768893,1.1052982,1.0
12350000,1.5667816,5580.454545454545,0.8290392,0.05202846,3.985282097481256,3.985282097481256,3.065666245012174,0.025304813,0.09560765,3.4568024e-05,0.017426867,1.3273847,1.0
12360000,1.5883138,178.5,0.9289738,0.052366447,6.080573070665006,6.080573070665006,0.04887232002969313,0.00271595,0.08686332,3.4556168e-05,0.012543857,1.4185804,1.0
12370000,1.5097345,191.54545454545453,0.9329951,0.04299677,5.522736621526925,5.522736621526925,0.041713444820991506,0.0034150234,0.09019779,3.4544246e-05,0.011151577,1.4293832,1.0
12380000,1.3643568,269.38461538461536,0.94315857,0.057416167,5.534807567807961,5.534807567807961,0.08108054432799551,0.04147418,0.09132768,3.4530807e-05,0.037255082,1.0207207,1.0
12390000,1.3057083,4246.393939393939,0.95682585,0.073267005,4.1305765653051,4.1305765653051,1.6821101453725449,0.15476531,0.09511186,3.4518955e-05,0.040087666,0.9022763,1.0
12400000,1.2057813,124.9047619047619,0.92729354,0.07952282,5.866191601709497,5.866191601709497,0.05625740829855204,0.052926816,0.097715445,3.4507208e-05,0.046770573,0.73832476,1.0
12410000,1.1346042,194.1578947368421,0.9434307,0.08596125,6.029310890326361,6.029310890326361,0.05523268775868928,0.014433874,0.10037383,3.4494184e-05,0.045656323,0.6938852,1.0
12420000,1.1716465,191.65,0.9899444,0.08436218,6.776651612590635,6.776651612590635,0.08738132230355404,0.0077778185,0.097681195,3.4481298e-05,0.043582015,0.61052305,1.0
12430000,1.2005786,120.88,0.9564631,0.08256526,5.393211681279354,5.393211681279354,0.05238235245618247,0.054151587,0.0912817,3.44684e-05,0.043507002,0.72995484,1.0
12440000,1.277469,77.66666666666667,0.9192881,0.07720022,5.928087941493447,5.928087941493447,0.0259181118913387,0.0142088095,0.09019929,3.4456563e-05,0.036421716,0.8261505,1.0
12450000,1.257597,274.6190476190476,1.0170577,0.07373401,6.571621857099442,6.571621857099442,0.08523758788457296,0.008464871,0.09070353,3.4444758e-05,0.03896971,0.72252214,1.0
12460000,1.3096877,337.8421052631579,1.0072976,0.073419854,6.513175061215619,6.513175061215619,0.17042821560493107,0.0249531,0.101170376,3.44318e-05,0.036638312,0.83221567,1.0
12470000,1.1617551,85.41176470588235,0.9396969,0.07075147,6.635667477460468,6.635667477460468,0.0530306803446044,0.27778283,0.099299185,3.4418637e-05,0.047719818,0.6729639,1.0
12480000,1.069682,144.05555555555554,0.954761,0.078021206,6.899144334700543,6.899144334700543,0.06873369643775125,0.0049883006,0.10036056,3.4405683e-05,0.049774487,0.5673607,1.0
12490000,1.0246109,120.73684210526316,0.9656814,0.08297827,6.332607234419021,6.332607234419021,0.04388596482672974,0.17423072,0.09220991,3.439267e-05,0.04992066,0.5241498,1.0
12500000,1.1589879,248.26315789473685,0.9430681,0.07811877,7.057700086063312,7.057700086063312,0.14000640135620618,0.047261953,0.0868962,3.4381064e-05,0.048943073,0.5855439,1.0
12510000,1.2533518,107.61111111111111,0.96659094,0.08279999,6.352451280945605,6.352451280945605,0.04750384183257426,0.012164678,0.08896247,3.4369274e-05,0.044953156,0.64025277,1.0
12520000,1.2109262,69.52941176470588,0.9476976,0.08074951,7.17872953414917,7.17872953414917,0.016481507966733155,0.109889925,0.09614481,3.435637e-05,0.042862087,0.73258096,1.0
12530000,1.0610958,568.0454545454545,0.9030347,0.09000827,5.3396518177483046,5.3396518177483046,0.27746181107994,0.07604365,0.09567621,3.434341e-05,0.051110733,0.56963885,1.0
12540000,1.0525136,315.40909090909093,0.9567558,0.09717207,6.227620829891335,6.227620829891335,0.13447425976945934,0.012332577,0.09858442,3.4330376e-05,0.046691287,0.5143275,1.0
12550000,1.1294869,83.94736842105263,0.86169547,0.10186086,5.928519344643543,5.928519344643543,0.10126234352049467,0.009749912,0.099820726,3.4318447e-05,0.06946371,0.55523837,1.0
12560000,1.1916871,147.05263157894737,0.9501914,0.103042506,6.46124510182754,6.46124510182754,0.08384677973624907,0.009424271,0.08990745,3.4306537e-05,0.072134234,0.6557169,1.0
12570000,1.1465745,250.79166666666666,0.96809125,0.11538214,5.971943085508604,5.971943085508604,0.12361391197444628,0.039126478,0.09650134,3.429347e-05,0.103922404,0.6098889,1.0
12580000,1.1522319,263.6,1.0058458,0.11357354,5.834599106320013,5.834599106320013,0.1219924195070884,0.032138646,0.08940972,3.428055e-05,0.04975976,0.6125144,1.0
12590000,1.1816154,448.75,0.8443889,0.09367507,4.456920801083357,4.456920801083357,0.19386504595483225,0.06824872,0.09946026,3.426885e-05,0.04766006,0.548753,1.0
12600000,1.2702805,262.76190476190476,0.96947205,0.093114935,5.963647049975756,5.963647049975756,0.13058698534344634,0.024615254,0.09392073,3.4257144e-05,0.045858648,0.7013691,1.0
12610000,1.2419376,168.15,1.0204767,0.09014429,6.4518324353087255,6.4518324353087255,0.19038562707137316,0.02318373,0.09458705,3.4243865e-05,0.041912995,0.7113403,1.0
12620000,1.2635598,180.36,0.79659027,0.080652066,3.987831445580453,3.987831445580453,0.10007491392819247,0.06510234,0.09871111,3.42306e-05,0.048804414,0.6669747,1.0
12630000,1.3677144,2666.730769230769,0.9231437,0.088555045,5.472026621561432,5.472026621561432,1.185118095555341,0.05061301,0.09614767,3.4218694e-05,0.044708222,0.7645335,1.0
12640000,1.4637855,170.52380952380952,0.92071325,0.0832418,5.216390708761864,5.216390708761864,0.06979047629006561,0.016798528,0.095896214,3.420681e-05,0.035909727,0.87925166,1.0
12650000,1.4990935,128.65217391304347,0.90718126,0.08048508,4.997426795925054,4.997426795925054,0.06408285601165793,0.01241783,0.09760135,3.4193752e-05,0.034579024,0.95896494,1.0
12660000,1.55127,159.27777777777777,0.7211624,0.061560187,4.900755410947642,4.900755410947642,0.06513219318973522,0.035728898,0.09445761,3.418063e-05,0.03309951,1.0565581,1.0
12670000,1.5001698,601.304347826087,0.9520111,0.067062385,5.448511917829477,5.448511917829477,0.26846493365567015,0.025431657,0.09503184,3.416775e-05,0.03351309,0.9857904,1.0
12680000,1.5053655,281.4782608695652,0.9018234,0.060194027,5.305471608644527,5.305471608644527,0.10680848000945685,0.011803929,0.100329325,3.4155928e-05,0.034523528,0.9737321,1.0
12690000,1.5548143,78.58823529411765,0.9340344,0.056546047,6.948132209918079,6.948132209918079,0.03404582617804408,0.013966272,0.0929685,3.4143835e-05,0.121532574,1.1556847,1.0
12700000,1.5028005,312.4583333333333,1.0121526,0.060439125,5.457357637864473,5.457357637864473,0.1718708126063575,0.067196906,0.096887514,3.413052e-05,0.07013616,0.9898666,1.0
12710000,1.5111418,110.91666666666667,0.83982426,0.05276467,4.701913991170637,4.701913991170637,0.037039067949744243,0.027166195,0.09468344,3.41188e-05,0.033926666,0.9990228,1.0
12720000,1.4773543,284.15,0.9236143,0.050022285,5.921397522100357,5.921397522100357,0.11064344781916588,0.02899012,0.09620982,3.410712e-05,0.03376658,0.9980383,1.0
12730000,1.4019712,158.8181818181818,0.9780746,0.055063836,3.9587385773836488,3.9587385773836488,0.05895671737203939,0.18814313,0.09593294,3.4094195e-05,0.04132337,0.9041613,1.0
12740000,1.3468251,323.09090909090907,0.9426637,0.05710892,5.956919820235613,5.956919820235613,0.20295474109959535,0.08166607,0.098449826,3.4081084e-05,0.045654275,0.79546434,1.0
12750000,1.3309672,155.82142857142858,0.9194579,0.058400024,4.1622008971905,4.1622008971905,0.08044597312774775,0.039242297,0.10074185,3.4068005e-05,0.04805863,0.8216341,1.0
12760000,1.3615639,109.07692307692308,0.9120905,0.06198253,5.107432512548537,5.107432512548537,0.06194111389385608,0.14992486,0.09380682,3.4056276e-05,0.047808293,0.7906029,1.0
12770000,1.4030762,115.11111111111111,0.84959495,0.060692422,4.725902209347949,4.725902209347949,0.05030203074700414,0.17028111,0.10183147,3.4044548e-05,0.040133636,0.8600189,1.0
12780000,1.429189,124.5,0.9327442,0.058209457,5.793508509208914,5.793508509208914,0.05239531551953405,0.036126,0.09239411,3.4031462e-05,0.038212396,0.935892,1.0
12790000,1.4911042,149.88888888888889,0.7423549,0.053176273,4.973657929327389,4.973657929327389,0.072712106953582,0.08757133,0.09919075,3.4018343e-05,0.04868367,1.0250825,1.0
12800000,1.4657001,650.1578947368421,0.86069316,0.054045502,5.2879933178537115,5.2879933178537115,0.3655593897167005,0.040816393,0.092994116,3.400651e-05,0.04846645,1.027729,1.0
12810000,1.3854804,145.33333333333334,0.9502902,0.054324172,5.469499942356531,5.469499942356531,0.0587664036914551,0.02314325,0.10065488,3.399487e-05,0.037389223,0.9369089,1.0
12820000,1.3074192,92.23809523809524,1.0511413,0.05616148,6.169511774820491,6.169511774820491,0.046316938363902625,0.051903866,0.0960505,3.3981865e-05,0.04625883,0.8119813,1.0
12830000,1.2738386,239.23809523809524,0.9530377,0.055624533,5.988838956008284,5.988838956008284,0.17625342823919796,0.065222114,0.09456959,3.3968518e-05,0.049377337,0.74849015,1.0
12840000,1.2270143,140.08695652173913,0.85677856,0.052277934,4.420153037376345,4.420153037376345,0.07080498723940842,0.031728767,0.10024589,3.395543e-05,0.04219227,0.72266465,1.0
12850000,1.2270217,2141.1,0.9735501,0.05668684,6.46694676870928,6.46694676870928,0.63387891207567,0.13143514,0.0988148,3.3943707e-05,0.055548377,0.6326425,1.0
12860000,1.231966,310.6521739130435,0.9644899,0.06239642,5.327388489652859,5.327388489652859,0.17228613320596353,0.13166861,0.09898718,3.3932032e-05,0.052476555,0.6564833,1.0
12870000,1.2165122,106.18181818181819,1.0436615,0.061875112,6.757958712912517,6.757958712912517,0.05190558928403665,0.083606936,0.08466388,3.3918997e-05,0.047948252,0.64256227,1.0
12880000,1.1581439,243.5,0.9020714,0.05692555,4.32342188855907,4.32342188855907,0.11881853435313262,0.05091411,0.090368465,3.3906002e-05,0.042500418,0.61650217,1.0
12890000,1.0831978,106.24,1.0220971,0.058212057,4.550043765674345,4.550043765674345,0.04653419971931726,0.22323774,0.10313893,3.3894124e-05,0.05360863,0.53274506,1.0
12900000,1.0759155,82.4,0.96326536,0.06094419,5.034083408715669,5.034083408715669,0.034353131791576744,0.040199846,0.08984302,3.3882283e-05,0.052251644,0.50024194,1.0
12910000,1.0073975,168.55,0.8566224,0.060956176,5.669003152511147,5.669003152511147,0.08484121480723843,0.026540905,0.094658,3.3869357e-05,0.052268505,0.46117154,1.0
12920000,1.012337,453.1923076923077,0.8958883,0.06061282,4.407958310134436,4.407958310134436,0.2049835837709854,0.026533153,0.09663461,3.3856282e-05,0.051711768,0.44966134,1.0
12930000,1.0392644,102.80952380952381,0.98517513,0.058763225,6.311966742922475,6.311966742922475,0.04402738213095637,0.022838738,0.08931881,3.384328e-05,0.047510326,0.47284573,1.0
12940000,0.96845615,138.45,0.96396536,0.057411514,6.884313946706243,6.884313946706243,0.08302137292484986,0.03825099,0.09779696,3.383039e-05,0.05719205,0.42785472,1.0
12950000,0.90542686,195.56521739130434,0.96126723,0.05667346,5.094257329019195,5.094257329019195,0.09647445487811361,0.010175346,0.099605136,3.3818877e-05,0.047015745,0.39217776,1.0
12960000,0.96550804,88.64285714285714,0.7698575,0.05330287,6.7748493275472095,6.7748493275472095,0.029265221574210694,0.008873766,0.09293932,3.3807235e-05,0.048219483,0.34573236,1.0
12970000,0.98170066,178.5625,0.76764065,0.052254412,6.072071997623425,6.072071997623425,0.09132165639312007,0.044772018,0.08967435,3.3794127e-05,0.049483318,0.4317325,1.0
12980000,1.0352818,123.55555555555556,0.9712153,0.05564386,7.3113718025593295,7.3113718025593295,0.06693558177600305,0.021269692,0.08712841,3.3780867e-05,0.049429413,0.434146,1.0
12990000,1.0599833,2936.6296296296296,0.8830374,0.051585212,4.783167314161626,4.783167314161626,1.1800337862684198,0.18562956,0.09513479,3.376772e-05,0.046702176,0.48331508,1.0
13000000,0.97825783,1034.2380952380952,0.986713,0.051775213,6.057536053764965,6.057536053764965,0.4756976534568128,0.011836678,0.09567063,3.3755925e-05,0.051663168,0.4145438,1.0
13010000,1.0086151,228.5,0.96889246,0.049194865,5.539741808406388,5.539741808406388,0.09550241932315244,0.020169687,0.09139706,3.3744058e-05,0.047453918,0.42019,1.0
13020000,1.0010703,107.5,1.0147965,0.049511056,6.756574585469838,6.756574585469838,0.04315293957724383,0.036709376,0.0940715,3.373095e-05,0.054892104,0.445175,1.0
13030000,0.9796093,158.69565217391303,0.9182625,0.055100136,5.070218120491518,5.070218120491518,0.06877172947861254,0.052390277,0.09359666,3.371791e-05,0.050463766,0.40281925,1.0
13040000,1.0274794,74.11111111111111,0.95160395,0.05601736,7.02305111868514,7.02305111868514,0.026789306559496455,0.0057841027,0.091428146,3.3706205e-05,0.047941998,0.4425865,1.0
13050000,0.9911323,450.0357142857143,0.8592116,0.056705534,4.4452207028456785,4.4452207028456785,0.2397613220569578,0.021475617,0.089822695,3.3694636e-05,0.047784302,0.40473133,1.0
13060000,1.0367202,431.9,0.6364347,0.049136296,3.632854966245035,3.632854966245035,0.2598899019532837,0.044702195,0.095344886,3.3681743e-05,0.047756724,0.4486774,1.0
13070000,1.0576077,176.7391304347826,0.9290654,0.048934445,5.541555286939646,5.541555286939646,0.07483502074509212,0.019799517,0.1007985,3.3668788e-05,0.043341544,0.44539148,1.0
13080000,1.0768996,397.6923076923077,1.0259154,0.044346407,4.887834281331815,4.887834281331815,0.19420719229324626,0.06542812,0.09391109,3.3655488e-05,0.04863754,0.4587733,1.0
13090000,1.0835919,109.0,0.8255927,0.05233547,3.7926601943148013,3.7926601943148013,0.06659007087546343,0.028376907,0.09588517,3.3643446e-05,0.056822233,0.49282497,1.0
13100000,1.075539,125.73684210526316,0.94484526,0.055760536,6.546264978398348,6.546264978398348,0.04921238028787469,0.018914524,0.092523694,3.3631666e-05,0.046163097,0.46741143,1.0
13110000,1.1304493,144.73684210526315,0.9747748,0.050274357,6.696171598039942,6.696171598039942,0.06991159097340546,0.028972175,0.089271404,3.3618675e-05,0.046725906,0.55714357,1.0
13120000,1.0736369,375.55,1.0693367,0.052706018,7.274939807549602,7.274939807549602,0.1948443141183816,0.023704614,0.099642724,3.3605724e-05,0.04492119,0.51362264,1.0
13130000,1.1140937,531.7894736842105,0.9476054,0.05123206,6.310394322449183,6.310394322449183,0.23618299243066254,0.16982853,0.095175415,3.3592707e-05,0.048867967,0.50441206,1.0
13140000,1.1163813,278.7083333333333,0.95272887,0.051169567,4.967140836372085,4.967140836372085,0.1507825627271086,0.049748935,0.09735585,3.3581033e-05,0.04271678,0.5526711,1.0
13150000,1.1272192,169.32142857142858,0.9178684,0.0609875,4.588092616609454,4.588092616609454,0.1347224820295066,0.03755724,0.09523515,3.35693e-05,0.06789196,0.5275173,1.0
13160000,1.110951,3267.344827586207,0.97226495,0.05976187,4.394270415262181,4.394270415262181,1.2628619281624258,0.03568484,0.09666866,3.355625e-05,0.045139812,0.48517314,1.0
13170000,1.157539,131.5142857142857,0.90577704,0.059569314,3.8081906707633624,3.8081906707633624,0.06462740434882497,0.098912336,0.08981862,3.3543285e-05,0.04928012,0.53096974,1.0
13180000,1.1701883,99.24,0.72033364,0.057177518,2.990449319910258,2.990449319910258,0.04996729655889794,0.19152631,0.09819891,3.3531564e-05,0.045843452,0.5419637,1.0
13190000,1.1755071,139.6818181818182,0.63855493,0.055414576,3.272797487794426,3.272797487794426,0.0777583904908335,0.13889547,0.09405933,3.3519813e-05,0.04846169,0.58258283,1.0
13200000,1.2085408,133.69565217391303,0.8612857,0.056156214,4.857331191705861,4.857331191705861,0.05569378623603489,0.016982585,0.09654163,3.3506756e-05,0.043479905,0.58012867,1.0
13210000,1.2147548,441.4,0.8565311,0.05711976,5.290660519513505,5.290660519513505,0.20254873704398052,0.019563552,0.097214736,3.3493714e-05,0.04506301,0.6259929,1.0
13220000,1.2644827,145.53846153846155,1.0157946,0.061173674,5.283380519383715,5.283380519383715,0.06444521411322057,0.046614833,0.093399465,3.3480737e-05,0.05059914,0.6233559,1.0
13230000,1.3058733,1212.1304347826087,0.89437157,0.060198948,4.405123970522343,4.405123970522343,0.7094996284189014,0.046616547,0.095528804,3.346899e-05,0.041750632,0.6548381,1.0
13240000,1.3180054,334.5,0.8723828,0.053388346,3.791616909427824,3.791616909427824,0.15259580758552496,0.02375606,0.094389185,3.3457363e-05,0.07007278,0.7189873,1.0
13250000,1.3302773,294.3076923076923,0.9503575,0.056702614,5.377238181819432,5.377238181819432,0.20249376457426338,0.057221185,0.09335771,3.3444412e-05,0.041330885,0.71652144,1.0
13260000,1.385687,97.84,0.9548509,0.054009568,5.1447354818880555,5.1447354818880555,0.035489975868258625,0.0304164,0.09109985,3.3431395e-05,0.03945287,0.83747876,1.0
13270000,1.3552382,218.17857142857142,0.9703676,0.056848098,4.281298109803915,4.281298109803915,0.12585110284479534,0.049259942,0.09154905,3.341838e-05,0.04200037,0.7982056,1.0
13280000,1.4274578,175.52380952380952,0.7715078,0.057271823,4.324153603350891,4.324153603350891,0.06705429531367761,0.06473167,0.09118848,3.340547e-05,0.064049385,0.870598,1.0
13290000,1.5002764,255.20833333333334,0.87394756,0.068408355,4.937836401846542,4.937836401846542,0.09305536025688828,0.03171208,0.09164995,3.3393797e-05,0.02682054,1.0225626,1.0
13300000,1.4827431,596.7391304347826,0.94769555,0.062248733,5.379088170190672,5.379088170190672,0.24347624984954525,0.057139784,0.09701903,3.3382144e-05,0.29689747,1.1290281,1.0
13310000,1.4466828,150.92,1.057815,0.05242342,5.293991816862799,5.293991816862799,0.0583130881562829,0.02183767,0.09448889,3.3369208e-05,0.03415063,0.9210684,1.0
13320000,1.5410491,1139.4,1.0395634,0.04732356,6.773826052407706,6.773826052407706,0.4980998187828319,0.050517607,0.10021124,3.335622e-05,0.032545175,1.1316922,1.0
13330000,1.5405668,221.96153846153845,0.8986357,0.039233927,4.354292034655923,4.354292034655923,0.23550892982813013,0.052368782,0.100871585,3.334326e-05,0.069287196,1.1636462,1.0
13340000,1.5738595,194.0,1.0001035,0.04116359,4.886589330409289,4.886589330409289,0.07606632831240338,0.14632216,0.09736197,3.333036e-05,0.02411633,1.2331784,1.0
13350000,1.5453069,1116.8,0.965834,0.03720606,5.678325016802096,5.678325016802096,0.5098525865841657,0.02906095,0.10112964,3.3318487e-05,0.028987711,1.1660337,1.0
13360000,1.4712151,213.22222222222223,0.95493734,0.04241,4.714911762655247,4.714911762655247,0.06872322539956818,0.04470088,0.097013146,3.3306464e-05,0.03532619,1.012677,1.0
13370000,1.3728538,164.0,0.8742082,0.043519538,4.730000224184388,4.730000224184388,0.07100508787455813,0.105610706,0.09806414,3.3293465e-05,0.0422927,0.8069986,1.0
13380000,1.3389167,127.82608695652173,0.96627307,0.048625957,5.057117502292257,5.057117502292257,0.05883889481143948,0.06592079,0.09745337,3.328042e-05,0.045792375,0.74289083,1.0
13390000,1.3150104,240.0,0.78671855,0.051792238,4.484950574525464,4.484950574525464,0.09291214919225736,0.07398209,0.103632264,3.3268723e-05,0.044511072,0.69986105,1.0
13400000,1.319335,192.09375,0.7635946,0.065591596,2.9858484830942964,2.9858484830942964,0.2677350336478764,0.14937426,0.09600085,3.3256976e-05,0.07136665,0.6976497,1.0
13410000,1.3552773,236.23333333333332,0.77540827,0.06601017,3.5621140470691697,3.5621140470691697,0.1105781326327008,0.026062941,0.09515323,3.324385e-05,0.04724303,0.7335592,1.0
13420000,1.3199618,153.22727272727272,0.73562115,0.06934604,3.9002891768873917,3.9002891768873917,0.13865588184091307,0.10660331,0.094279654,3.3230805e-05,0.058034718,0.7288086,1.0
13430000,1.336591,262.7586206896552,0.99032533,0.0810057,4.1197948778664015,4.1197948778664015,0.14547166316770016,0.16998051,0.09822932,3.3218e-05,0.05169351,0.7203971,1.0
13440000,1.3959457,239.375,0.52338964,0.070763424,3.6169529882289377,3.6169529882289377,0.12200645084182421,0.09935959,0.08912197,3.3206386e-05,0.04217296,0.84278053,1.0
13450000,1.3731842,163.76923076923077,0.7988853,0.07483065,4.1582663616315285,4.1582663616315285,0.07115099801279501,0.07589109,0.09594644,3.3194556e-05,0.040763237,0.80057687,1.0
13460000,1.2741219,182.0,0.7698974,0.07144563,4.084798315428364,4.084798315428364,0.08586969144791669,0.36686516,0.09566502,3.3181484e-05,0.051190436,0.7026459,1.0
13470000,1.282272,107.31818181818181,1.0395712,0.07628645,6.058999262547688,6.058999262547688,0.05087661433398076,0.33073997,0.09357598,3.3168297e-05,0.045217484,0.6978739,1.0
13480000,1.3462383,122.22727272727273,0.9654926,0.07267181,5.3592547905387535,5.3592547905387535,0.04728398551973938,0.055491537,0.09302825,3.3155335e-05,0.044611778,0.7743796,1.0
13490000,1.3564813,261.7307692307692,0.99800503,0.06658157,5.385500962119048,5.385500962119048,0.13067348423646763,0.03379687,0.095737845,3.3143635e-05,0.040149316,0.84791505,1.0
13500000,1.3359358,269.55,0.98490334,0.06532752,5.698135158447445,5.698135158447445,0.17845873698776132,0.1257652,0.099355295,3.3131808e-05,0.048822396,0.76944584,1.0
13510000,1.2828078,453.9130434782609,1.06624,0.069622986,6.675708341643834,6.675708341643834,0.183290273046375,0.2964174,0.093514726,3.3118693e-05,0.048471622,0.71214265,1.0
13520000,1.238252,181.63636363636363,1.0031734,0.07348615,5.710230456337201,5.710230456337201,0.14031168889335316,0.087439254,0.095325224,3.310544e-05,0.047137234,0.6845996,1.0
13530000,1.2113214,348.44827586206895,0.8920038,0.06629949,3.794386953833647,3.794386953833647,0.1884122426172012,0.06557659,0.09734942,3.3093685e-05,0.048756808,0.630935,1.0
13540000,1.2899157,131.43333333333334,0.91128486,0.06460473,4.302967485357341,4.302967485357341,0.05675067658254799,0.039650775,0.095611475,3.308205e-05,0.046104338,0.70704645,1.0
13550000,1.3424597,142.08,1.0772656,0.06675071,5.384493492797483,5.384493492797483,0.07297003418196255,0.10796507,0.09342933,3.3068827e-05,0.043347258,0.740054,1.0
13560000,1.304321,92.56,0.9575751,0.06437852,4.807081254973466,4.807081254973466,0.03203150608111173,0.06051097,0.09902903,3.305579e-05,0.04339713,0.7761702,1.0
13570000,1.2586997,76.11764705882354,1.0102328,0.06613819,7.256692121134085,7.256692121134085,0.030748423216316628,0.062584236,0.09889895,3.30438e-05,0.049884338,0.6711058,1.0
13580000,1.180297,394.25,1.0175424,0.065425664,6.027422547947916,6.027422547947916,0.1840955998050049,0.12548637,0.091874324,3.303202e-05,0.046196003,0.6075691,1.0
13590000,1.1786302,229.89655172413794,1.0636501,0.07164221,5.104335348384323,5.104335348384323,0.12581691509193002,0.10368502,0.099457964,3.301903e-05,0.04977029,0.620808,1.0
13600000,1.1219605,149.9047619047619,0.9414508,0.07280867,5.507754662927861,5.507754662927861,0.06831472825502888,0.061414182,0.09424676,3.3006072e-05,0.06132298,0.565567,1.0
13610000,1.1307558,220.29166666666666,0.9578546,0.07357829,5.364015048508706,5.364015048508706,0.10012629880414654,0.18942742,0.09069902,3.2992983e-05,0.046746667,0.5479372,1.0
13620000,1.0857701,154.6,1.0072254,0.071284376,4.314263908565847,4.314263908565847,0.07707314096252707,0.0641529,0.10077979,3.298116e-05,0.04820528,0.47079605,1.0
13630000,1.1169052,435.51612903225805,0.8415711,0.06698716,3.6378440347778436,3.6378440347778436,0.22013715925889699,0.035506904,0.09937048,3.296939e-05,0.047835693,0.51104724,1.0
13640000,1.1384555,215.95833333333334,0.9993304,0.07050827,5.171099450847333,5.171099450847333,0.094852492591599,0.039653093,0.09809059,3.295638e-05,0.043456413,0.5952237,1.0
13650000,1.0898649,158.0625,0.71778363,0.05986637,3.0410149350752946,3.0410149350752946,0.44272512362658745,0.09506417,0.100434385,3.2943346e-05,0.070649125,0.5563215,1.0
13660000,1.0899811,101.5,0.66043043,0.06409217,2.755661563947797,2.755661563947797,0.15874625710421242,0.071193926,0.10358379,3.2930315e-05,0.059854228,0.54187554,1.0
13670000,1.1013,99.07692307692308,0.57471585,0.06294366,3.2744492842421797,3.2744492842421797,0.11970477959570977,0.045696266,0.107597835,3.2918644e-05,0.05825166,0.5420692,1.0
13680000,1.0549264,568.7647058823529,0.55250806,0.068386145,2.3802734633967524,2.3802734633967524,0.41141059148974496,0.056105427,0.094149485,3.2906868e-05,0.056787014,0.5096016,1.0
13690000,1.1135644,695.4583333333334,0.42057124,0.059007917,1.9277792374995595,1.9277792374995595,0.31081164777666953,0.08107789,0.09710817,3.289377e-05,0.05251286,0.5220772,1.0
13700000,1.1291561,538.2105263157895,0.4550109,0.055342354,2.270539561460149,2.270539561460149,0.2882913623225728,0.111310884,0.09672506,3.288057e-05,0.050716557,0.53986955,1.0
13710000,1.1283162,499.52941176470586,0.44440722,0.06242481,2.1069846812478246,2.1069846812478246,0.619610541883637,0.06941346,0.10019997,3.2868713e-05,0.10586864,0.5745288,1.0
13720000,1.080757,125.2,0.4904153,0.06350206,4.033564653992653,4.033564653992653,0.16745832674205302,0.061296772,0.096297674,3.285685e-05,0.055713452,0.51405084,1.0
13730000,1.0501404,192.30769230769232,0.4937242,0.06621341,3.81908544661322,3.81908544661322,0.3696832724187213,0.0880935,0.12015847,3.2843538e-05,0.07063701,0.5133426,1.0
13740000,1.0900819,259.5,0.5172607,0.061759815,2.7721401283362237,2.7721401283362237,0.17781370679537456,0.022411358,0.0992751,3.2830376e-05,0.04756443,0.5398448,1.0
13750000,1.1474515,1895.952380952381,0.43613175,0.06312681,2.7363449748852644,2.7363449748852644,0.7807396770554728,0.05557219,0.10251286,3.2818487e-05,0.045147244,0.5641564,1.0
13760000,1.1619365,144.52631578947367,0.52112657,0.05705073,2.65807864448995,2.65807864448995,0.07535922471556421,0.05274092,0.09770293,3.28066e-05,0.04702869,0.6178227,1.0
13770000,1.1978949,173.05555555555554,0.50077367,0.055486552,3.160792318293425,3.160792318293425,0.17506969825222363,0.17572865,0.100377165,3.2793272e-05,0.053527456,0.60902154,1.0
13780000,1.2621614,137.23529411764707,0.48022118,0.052474055,2.96152707686569,2.96152707686569,0.10066590291834847,0.057555422,0.09994299,3.278125e-05,0.049015447,0.6718681,1.0
13790000,1.3093235,216.95238095238096,0.559507,0.054456178,4.14947123367766,4.14947123367766,0.10011511117530365,0.08686502,0.098781124,3.2769494e-05,0.04142647,0.7584256,1.0
13800000,1.4183825,310.3333333333333,0.54165673,0.04885674,4.722013103937849,4.722013103937849,0.14380187260297436,0.07237248,0.092890814,3.2756558e-05,0.038845252,0.81113356,1.0
13810000,1.4367974,148.66666666666666,0.7061091,0.04986008,5.302029092839803,5.302029092839803,0.07825043376180388,0.07507591,0.09336085,3.2743457e-05,0.03257292,0.95026886,1.0
13820000,1.4555855,104.27777777777777,0.8437759,0.04887826,6.466503772351846,6.466503772351846,0.042054192111310035,0.07761322,0.099680334,3.2730368e-05,0.031924255,0.9769207,1.0
13830000,1.4246384,91.27777777777777,0.98528534,0.04601666,7.773182307253592,7.773182307253592,0.03329630157289406,0.043410845,0.09742098,3.2718646e-05,0.03210378,0.9775089,1.0
13840000,1.3514986,650.4230769230769,0.908323,0.045057897,4.6644631704973145,4.6644631704973145,0.30319339274428786,0.0509919,0.092492476,3.2706826e-05,0.03804225,0.88570327,1.0
13850000,1.3593556,316.56,0.9094939,0.0487933,4.305533499151772,4.305533499151772,0.1290271939826198,0.09786303,0.09727519,3.2693766e-05,0.042131126,0.79964906,1.0
13860000,1.3380898,278.54545454545456,0.76882577,0.058170892,4.641422610130131,4.641422610130131,0.11138708976843349,0.056389235,0.09500435,3.2680517e-05,0.12124783,0.8525499,1.0
13870000,1.3349518,121.0,0.51936585,0.05032605,4.756952794928066,4.756952794928066,0.059820228113004796,0.26874584,0.09733412,3.266872e-05,0.041015092,0.79745954,1.0
13880000,1.3234427,552.2121212121212,0.8498461,0.04998992,3.8309878751325517,3.8309878751325517,0.2781613114952272,0.068025395,0.09463115,3.2656957e-05,0.03613208,0.76478875,1.0
13890000,1.3054732,471.9230769230769,0.89704365,0.05576987,4.835105654237312,4.835105654237312,0.19209185157571412,0.08877425,0.09633983,3.2643886e-05,0.041759346,0.7365866,1.0
13900000,1.3124648,281.05,0.94645315,0.058265433,6.482874412814762,6.482874412814762,0.0991248631849885,0.030907169,0.098835066,3.2630844e-05,0.039189406,0.7227229,1.0
13910000,1.2911558,166.57142857142858,0.879425,0.05628162,4.604364512498331,4.604364512498331,0.08123557611751105,0.058683388,0.09596123,3.2617874e-05,0.043586627,0.7010623,1.0
13920000,1.2983394,110.86363636363636,1.021894,0.057358406,5.769056511989964,5.769056511989964,0.04870052321712137,0.074374646,0.09033882,3.2606185e-05,0.041125942,0.6925237,1.0
13930000,1.3201015,246.55172413793105,0.94645596,0.057478424,4.488896320907849,4.488896320907849,0.1590895924214394,0.03966917,0.097464554,3.259438e-05,0.043678664,0.7257772,1.0
13940000,1.3232572,137.25,0.9321986,0.058025807,4.609628426979863,4.609628426979863,0.06102903483163876,0.07709301,0.10060887,3.258135e-05,0.046112213,0.7487008,1.0
13950000,1.3233322,148.94117647058823,0.61278665,0.05888035,4.6758529567282086,4.6758529567282086,0.0815239181238747,0.06060921,0.09184932,3.2568503e-05,0.049286302,0.756664,1.0
13960000,1.3150938,291.59090909090907,0.35538253,0.053279236,2.1857162932130163,2.1857162932130163,0.1757427798298853,0.15318458,0.09757683,3.2555527e-05,0.049852468,0.7135364,1.0
13970000,1.3226521,485.2758620689655,0.72961724,0.06194102,3.770603251096712,3.770603251096712,0.23150430013554107,0.08929115,0.097420566,3.2543838e-05,0.043480247,0.7146148,1.0
13980000,1.3452432,172.4,0.895926,0.061652593,4.1114328660348844,4.1114328660348844,0.09161578973774644,0.05419638,0.094650425,3.253192e-05,0.04195644,0.7954618,1.0
13990000,1.3812982,298.12,0.6606276,0.05980515,3.2556588630343173,3.2556588630343173,0.13312067263759672,0.17915459,0.09697063,3.2518972e-05,0.043732136,0.7979759,1.0
14000000,1.3514018,154.43478260869566,0.66039187,0.057542693,3.324034710139816,3.324034710139816,0.07787509826416879,0.11437216,0.09399489,3.250606e-05,0.042833876,0.7778161,1.0
14010000,1.3847945,133.2608695652174,0.8275029,0.056513775,4.748150681215107,4.748150681215107,0.0536591040965339,0.050528686,0.087312266,3.2493008e-05,0.041491013,0.8000611,1.0
14020000,1.4004475,198.73076923076923,1.0327934,0.051415786,5.216847204829459,5.216847204829459,0.08031423073434443,0.06692487,0.101967216,3.24812e-05,0.03670677,0.8203983,1.0
14030000,1.4176285,105.77272727272727,0.88059723,0.0491801,5.1357846569310315,5.1357846569310315,0.037624678981956095,0.031700734,0.090869,3.2469565e-05,0.041973878,0.8383137,1.0
14040000,1.3897724,212.1904761904762,0.97154415,0.050718643,5.926565796615746,5.926565796615746,0.0903358415234834,0.08908276,0.09611628,3.2456417e-05,0.04260199,0.8519241,1.0
14050000,1.4167589,155.4,0.96952486,0.05270559,4.8445119833700385,4.8445119833700385,0.06645498516669389,0.054285754,0.09454112,3.244323e-05,0.03635458,0.85520315,1.0
14060000,1.4298705,134.47826086956522,0.91824657,0.05295511,5.358654730552229,5.358654730552229,0.05323855534357869,0.061525233,0.10055615,3.243146e-05,0.03497641,0.9141013,1.0
14070000,1.4198489,379.7037037037037,0.8234878,0.053827655,3.870109985537212,3.870109985537212,0.1469775459395519,0.043672483,0.098173484,3.2419717e-05,0.03944821,0.8552555,1.0
14080000,1.441361,116.36842105263158,0.85428697,0.05663028,5.43727265412331,5.43727265412331,0.04726081870275697,0.05243407,0.09294849,3.2406504e-05,0.03875601,0.87780076,1.0
14090000,1.4125369,166.8,0.7443636,0.05821327,5.592631939699115,5.592631939699115,0.08501128754333447,0.052873075,0.09353313,3.2393455e-05,0.041426226,0.924476,1.0
14100000,1.3127704,284.44444444444446,1.0108304,0.059747294,4.910599577865867,4.910599577865867,0.13874907006122936,0.08053287,0.09806904,3.23816e-05,0.045087274,0.78612655,1.0
14110000,1.2963607,349.7391304347826,0.84243876,0.057515007,5.0319337930416905,5.0319337930416905,0.16492693857467006,0.033320896,0.09505837,3.2369706e-05,0.043643303,0.7081512,1.0
14120000,1.4061604,255.55555555555554,0.6358904,0.050306853,4.311125158652984,4.311125158652984,0.11675324520397493,0.080477394,0.09843343,3.235672e-05,0.044237208,0.7791312,1.0
14130000,1.2891481,225.40740740740742,1.1480703,0.059760954,5.665512750681318,5.665512750681318,0.09361187006080789,0.21110837,0.09828167,3.23437e-05,0.043358356,0.76985943,1.0
14140000,1.2469065,145.1904761904762,1.1360505,0.062447395,6.221674817232096,6.221674817232096,0.06601362890519556,0.08945383,0.09482371,3.2330638e-05,0.048746396,0.6543602,1.0
14150000,1.2292649,110.73076923076923,1.0795953,0.06628117,5.279370473787892,5.279370473787892,0.04709960311951223,0.03417595,0.096915044,3.231773e-05,0.046091788,0.61473125,1.0
14160000,1.2982469,205.04761904761904,0.9875341,0.07388564,5.6873851577236,5.6873851577236,0.09942869794377614,0.07388766,0.095771976,3.2306118e-05,0.12992689,0.69676787,1.0
14170000,1.3266135,163.15384615384616,0.96639824,0.06979638,4.108784937017915,4.108784937017915,0.06636909860577152,0.058825128,0.09495646,3.229442e-05,0.043841474,0.70800173,1.0
14180000,1.3410058,195.6818181818182,0.96227914,0.06435463,5.764753691784583,5.764753691784583,0.10264696340097791,0.028202638,0.100869775,3.228151e-05,0.037349384,0.821682,1.0
14190000,1.3022336,353.8095238095238,1.092206,0.06576228,6.579773911579624,6.579773911579624,0.1519129541480825,0.042649254,0.09709463,3.2268632e-05,0.053309985,0.7453244,1.0
14200000,1.3192145,187.71428571428572,0.9227819,0.06302514,6.276878076817615,6.276878076817615,0.07950331422034651,0.020348694,0.09258468,3.225571e-05,0.037659056,0.8136562,1.0
14210000,1.2955432,242.0,1.008039,0.06255215,5.251902963413482,5.251902963413482,0.09231312514282763,0.07362303,0.094525166,3.2242817e-05,0.039980974,0.7792933,1.0
14220000,1.2913339,198.48,0.9415296,0.062572025,5.063645062148347,5.063645062148347,0.08520829688524828,0.09907861,0.09485627,3.2231103e-05,0.041730665,0.6983523,1.0
14230000,1.2415687,203.04545454545453,0.91616106,0.06074935,5.121563110953875,5.121563110953875,0.15412651664386925,0.06736817,0.098313525,3.2219214e-05,0.045473926,0.68988407,1.0
14240000,1.1980377,94.7,0.97666514,0.06414077,6.65926609087619,6.65926609087619,0.0426998891402036,0.058476776,0.09248218,3.2206168e-05,0.045003507,0.6618563,1.0
14250000,1.1643248,366.89473684210526,1.0098939,0.0681672,6.2703826765101764,6.2703826765101764,0.1910887921081954,0.05144001,0.096101075,3.219317e-05,0.049156737,0.60174716,1.0
14260000,1.1339793,130.6086956521739,0.98324966,0.064374365,5.08657576418521,5.08657576418521,0.051167115047776504,0.024311151,0.09960589,3.2181313e-05,0.047277085,0.55502176,1.0
14270000,1.1246924,479.52,0.93492055,0.06372161,4.908712485705659,4.908712485705659,0.19679173101030756,0.017885145,0.09128831,3.216946e-05,0.047550756,0.58562315,1.0
14280000,1.1813277,250.82608695652175,0.93675864,0.06782623,5.1875153820444035,5.1875153820444035,0.12397922666075276,0.040644575,0.09885042,3.2156495e-05,0.043107703,0.551373,1.0
14290000,1.2797818,217.8,0.94404286,0.06330503,4.65705260408525,4.65705260408525,0.06865778108011,0.02047219,0.09868263,3.214347e-05,0.041864358,0.70267504,1.0
14300000,1.2522968,98.78947368421052,0.9713502,0.064359024,5.945545335036513,5.945545335036513,0.06501054482941981,0.15386519,0.10060942,3.2130505e-05,0.04206207,0.7094234,1.0
14310000,1.2350187,148.7058823529412,0.9518427,0.06294758,7.316864644444275,7.316864644444275,0.12826235869022853,0.04364336,0.09759752,3.2118765e-05,0.053829204,0.66977054,1.0
14320000,1.2912259,163.1304347826087,1.0015936,0.07301377,5.345068862154912,5.345068862154912,0.07771934775392646,0.071197115,0.09757273,3.210695e-05,0.047427017,0.73629916,1.0
14330000,1.2915639,148.69565217391303,0.94572496,0.06864417,5.339996044991716,5.339996044991716,0.07412524163247207,0.025911141,0.097270355,3.2093965e-05,0.040026702,0.7507075,1.0
14340000,1.3145379,134.32142857142858,0.9285796,0.06819335,4.507870292849345,4.507870292849345,0.06980932693321458,0.050524376,0.09755545,3.208091e-05,0.042632055,0.72817755,1.0
14350000,1.3754634,103.0,0.9427284,0.066772364,6.112963384038449,6.112963384038449,0.050811593001708386,0.05936713,0.09612798,3.206788e-05,0.04108317,0.86421967,1.0
14360000,1.3126796,201.95652173913044,0.9337425,0.07266962,4.740105821452428,4.740105821452428,0.23294753872829935,0.09683796,0.09562001,3.2056138e-05,0.06445626,0.8110518,1.0
14370000,1.3898686,119.21428571428571,0.6202456,0.06764907,5.2839685144020745,5.2839685144020745,0.12378864562405008,0.064880714,0.08982921,3.204461e-05,0.061216988,0.7940587,1.0
14380000,1.3610785,963.8,0.49472395,0.067157485,3.436295487298375,3.436295487298375,1.023321488224125,0.138764,0.099871725,3.2031523e-05,0.0954187,0.85472715,1.0
14390000,1.3142453,91.0,0.8460873,0.10695224,5.537076560314745,5.537076560314745,0.8560562133789062,0.08682473,0.102231845,3.2018448e-05,0.06440081,0.79124117,1.0
14400000,1.3226752,268.14285714285717,0.7592339,0.08184598,5.103559411871116,5.103559411871116,0.15104339004028589,0.059746712,0.0992048,3.2005388e-05,0.03936464,0.82476646,1.0
14410000,1.3200847,1591.0,0.7188131,0.08130989,3.411826537770704,3.411826537770704,0.8262315907986308,0.1342188,0.09933786,3.1993637e-05,0.052002754,0.7634779,1.0
14420000,1.2669519,119.21052631578948,0.96127456,0.09961501,6.55292121073341,6.55292121073341,0.2049506935536077,0.062377416,0.1006253,3.1981963e-05,0.1385593,0.67754143,1.0
14430000,1.2657169,316.72222222222223,0.9457174,0.088693336,5.691988301595201,5.691988301595201,0.3180977271921519,0.18707518,0.09611627,3.1969106e-05,0.05457015,0.729772,1.0
14440000,1.2876359,553.2380952380952,0.9294621,0.08536048,5.9407975425313655,5.9407975425313655,0.24693021985391775,0.072614945,0.101530656,3.1956297e-05,0.04104684,0.7477509,1.0
14450000,1.2692436,103.94736842105263,0.95148355,0.08861201,6.709644730642639,6.709644730642639,0.08876814124070936,0.16543177,0.09406962,3.1943317e-05,0.055097185,0.7341904,1.0
14460000,1.2440308,107.19047619047619,1.0429801,0.09067683,6.482199767037134,6.482199767037134,0.04957271763123572,0.087226376,0.09536235,3.193033e-05,0.045873176,0.7151006,1.0
14470000,1.1898385,156.73684210526315,1.0135624,0.08775088,6.454032483401479,6.454032483401479,0.07083038287237287,0.052683707,0.09551898,3.1918556e-05,0.0449149,0.63814265,1.0
14480000,1.2105386,194.9047619047619,0.97863466,0.086139016,6.057020051727608,6.057020051727608,0.07878109299954736,0.019687202,0.09740381,3.190671e-05,0.043025512,0.65850985,1.0
14490000,1.1990272,211.13636363636363,0.89721054,0.08075778,5.267011700961882,5.267011700961882,0.09772137023339217,0.051738113,0.09773521,3.1893538e-05,0.04320572,0.5967195,1.0
14500000,1.1567067,276.59090909090907,1.071173,0.083475,5.69470875196755,5.69470875196755,0.1207853801844811,0.036335796,0.08712067,3.188056e-05,0.046792466,0.60481083,1.0
14510000,1.1313887,9806.85,0.95593303,0.0800902,6.373674945424305,6.373674945424305,4.268890962957812,0.0749338,0.09517695,3.1868905e-05,0.046928816,0.53619796,1.0
14520000,1.1256981,614.6666666666666,0.8863695,0.07586501,4.870944587283351,4.870944587283351,0.25401862053089036,0.033341445,0.09207107,3.185696e-05,0.04223808,0.5501257,1.0
14530000,1.0854119,81.9,0.9767853,0.077459425,5.927565864194184,5.927565864194184,0.05831583258695901,0.12070583,0.09313205,3.1843952e-05,0.05580625,0.50394833,1.0
14540000,1.1375487,317.5217391304348,0.98412,0.09412017,5.531590875229988,5.531590875229988,0.1783566642805691,0.11463374,0.09538028,3.1830907e-05,0.052720167,0.5480909,1.0
14550000,1.1463448,161.28,1.0590029,0.097598426,5.548528458303783,5.548528458303783,0.0696768913573275,0.058947332,0.09926469,3.1817814e-05,0.043789335,0.5653244,1.0
14560000,1.1393119,602.92,0.6952585,0.08268672,2.794857655394924,2.794857655394924,0.2972411868484834,0.29375082,0.10665231,3.180605e-05,0.06721178,0.5568488,1.0
14570000,1.1713367,111.92,0.57612574,0.09468254,1.5983142483524453,1.5983142483524453,0.3723959274403751,0.17645416,0.09932135,3.179427e-05,0.1465611,0.57647085,1.0
14580000,1.1849312,649.0909090909091,0.22486638,0.09003837,-3.635636279467657,-3.635636279467657,2.0135081881215395,0.21279776,0.097592354,3.178129e-05,0.111086965,0.68302256,1.0
14590000,1.2205057,194.28571428571428,0.2598021,0.10921025,-2.403168344936733,-2.403168344936733,0.6658949668885076,0.15057562,0.097302064,3.1768453e-05,0.08473472,0.6012119,1.0
14600000,1.2634625,549.75,0.15284781,0.10611972,-2.735323329902203,-2.735323329902203,0.7060840416233987,0.10676918,0.102097906,3.175559e-05,0.06465725,0.6766142,1.0
14610000,1.1799366,180.75,0.098801,0.09956815,-3.6525114893447608,-3.6525114893447608,0.5339619142614538,0.15747401,0.12497931,3.174402e-05,0.08443924,0.63999224,1.0
14620000,1.1990428,241.15,0.06740558,0.14519258,0.08423539090638599,0.08423539090638599,0.34312748798765824,0.16131675,0.09973961,3.173233e-05,0.082298435,0.5661543,1.0
14630000,1.2097791,97.14285714285714,0.2343204,0.13093023,3.350806531629392,3.350806531629392,0.1693741717255242,0.07655252,0.09491097,3.1719217e-05,0.060876913,0.6105933,1.0
14640000,1.2268258,175.75,0.34616095,0.093435794,2.8120567543423904,2.8120567543423904,0.14454565610503778,0.09175124,0.09562479,3.1706015e-05,0.05789571,0.6330018,1.0
14650000,1.2872881,118.6470588235294,0.43110582,0.09529588,1.5257477795376497,1.5257477795376497,0.18503542957135805,0.05130098,0.10148586,3.1692965e-05,0.05145576,0.7050163,1.0
14660000,1.2924001,234.07692307692307,0.5082315,0.086334415,3.7658251526858852,3.7658251526858852,0.15115472917946485,0.027659396,0.094926864,3.168107e-05,0.043096587,0.7526269,1.0
14670000,1.2394722,108.23076923076923,0.4497712,0.10778642,2.346066247098721,2.346066247098721,0.3167819810870032,0.26405877,0.095437825,3.1669246e-05,0.07591142,0.7159211,1.0
14680000,1.2536117,675.4666666666667,0.4291749,0.092697725,1.9019634832365355,1.9019634832365355,0.7224919410888105,0.05329916,0.093150064,3.1656047e-05,0.06581016,0.68283045,1.0
14690000,1.2787156,146.27272727272728,0.51159585,0.10509656,4.430297298647873,4.430297298647873,0.16077481004388325,0.15639368,0.097279,3.1643005e-05,0.061647516,0.71550214,1.0
14700000,1.2500949,112.43478260869566,0.62539977,0.085705586,4.920617686876896,4.920617686876896,0.05396297105598142,0.17430787,0.1004532,3.16312e-05,0.042526934,0.71844655,1.0
14710000,1.2697142,141.42857142857142,0.76899654,0.088872716,6.356906991771446,6.356906991771446,0.06328348078490567,0.07245265,0.09760024,3.1619456e-05,0.039293233,0.6761503,1.0
14720000,1.3350246,580.6,0.9239347,0.08809522,5.255391845497465,5.255391845497465,0.24442236092058012,0.08164247,0.096467935,3.1606414e-05,0.037969034,0.7759764,1.0
14730000,1.3769082,111.45,0.8823311,0.08057392,6.042519473845341,6.042519473845341,0.04027061603612765,0.01091275,0.10041267,3.1593365e-05,0.038275667,0.82372934,1.0
14740000,1.4055223,155.75,0.90627426,0.07676699,6.184753553361292,6.184753553361292,0.058085034438408914,0.02158383,0.10286079,3.1581512e-05,0.034079604,0.8954501,1.0
14750000,1.4062477,65.1304347826087,1.0834292,0.07683375,6.213593360147965,6.213593360147965,0.027139711849209245,0.06922643,0.09728466,3.156985e-05,0.03641055,0.89442575,1.0
14760000,1.3923976,173.38095238095238,1.0701535,0.07121833,6.049271640181179,6.049271640181179,0.0679845778234245,0.024305407,0.091615364,3.155708e-05,0.03312602,0.9232505,1.0
14770000,1.4154555,102.63636363636364,1.0072759,0.0663994,5.879567977280638,5.879567977280638,0.04266142581367272,0.060392994,0.10041267,3.1544278e-05,0.029429078,0.9641385,1.0
14780000,1.4763999,494.6,0.9713168,0.055229444,5.214810787142313,5.214810787142313,0.18407098940806463,0.013607402,0.09133309,3.153121e-05,0.02370426,1.1007209,1.0
14790000,1.5636915,144.22222222222223,0.97288775,0.047198746,7.4401289456679605,7.4401289456679605,0.041016106959432364,0.010609334,0.099602394,3.1517997e-05,0.013808144,1.3369716,1.0
14800000,1.5826379,110.47368421052632,0.99235064,0.039522823,6.6688708351722985,6.6688708351722985,0.02115000263285382,0.0073763365,0.097726285,3.1506086e-05,0.009600666,1.4744171,1.0
14810000,1.4449722,435.25,0.89647716,0.03437383,5.243755019108239,5.243755019108239,0.1396450848855159,0.061688043,0.09750349,3.1494437e-05,0.014085585,1.2955043,1.0
14820000,1.4079199,2629.4117647058824,0.88284576,0.041002,3.465642930479521,3.465642930479521,1.1413569702105764,0.067553714,0.09359747,3.148144e-05,0.020756923,1.0516758,1.0
14830000,1.463937,146.1764705882353,0.78811836,0.0420195,3.361362052574126,3.361362052574126,0.03461323167550076,0.01746822,0.09257104,3.1468528e-05,0.02582923,1.0915389,1.0
14840000,1.5670683,99.6842105263158,0.87285334,0.043217745,6.114521982247808,6.114521982247808,0.029139879793446097,0.0038577945,0.09363504,3.14555e-05,0.02034997,1.2480718,1.0
14850000,1.619107,794.6086956521739,0.9619778,0.03787987,5.35965541705668,5.35965541705668,0.3255259430594985,0.015042044,0.09413098,3.144378e-05,0.011718037,1.4554756,1.0
14860000,1.5782505,174.56521739130434,0.86923134,0.03696267,5.1003396058563935,5.1003396058563935,0.058307629218886534,0.022650074,0.10217347,3.1432042e-05,0.01735561,1.3721437,1.0
14870000,1.5051074,330.2692307692308,1.0142255,0.042190958,4.907745728812508,4.907745728812508,0.10189287085869672,0.09181609,0.09523595,3.1418884e-05,0.026036689,1.1884575,1.0
14880000,1.4953513,1009.1666666666666,0.94454336,0.044535123,5.711230902767832,5.711230902767832,0.38314270153678837,0.06910492,0.09532335,3.140575e-05,0.024459079,1.163366,1.0
14890000,1.389851,102.45833333333333,0.97313106,0.04299857,5.523553745321503,5.523553745321503,0.03493678361216249,0.050449405,0.09194129,3.139397e-05,0.030231673,1.0122143,1.0
14900000,1.2811906,84.33333333333333,0.98822427,0.046614353,4.445865310487096,4.445865310487096,0.03129388499224593,0.03456803,0.098235585,3.1382293e-05,0.034176785,0.8265389,1.0
14910000,1.2695962,419.4782608695652,1.0471735,0.049894612,6.2863128722020045,6.2863128722020045,0.1028282127358993,0.028517598,0.102604285,3.1369225e-05,0.037802495,0.745536,1.0
14920000,1.1822265,319.96,0.8729195,0.049757946,4.195689284540642,4.195689284540642,0.14874576876060858,0.06635761,0.09669056,3.1356245e-05,0.039753363,0.6657516,1.0
14930000,1.2642696,132.8181818181818,0.8694002,0.052467853,3.7243186057355406,3.7243186057355406,0.051739600110467465,0.086374275,0.09177048,3.134308e-05,0.046157785,0.6862958,1.0
14940000,1.2819028,124.0,0.9349429,0.054452546,4.821271926926565,4.821271926926565,0.08022189069539308,0.05030486,0.10233904,3.133125e-05,0.036192726,0.751344,1.0
14950000,1.2955445,138.60714285714286,0.88583803,0.057879213,4.218589047334278,4.218589047334278,0.06369756322341605,0.07279612,0.0984386,3.1319454e-05,0.044272743,0.7708404,1.0
14960000,1.3080958,109.22222222222223,0.9140905,0.0550866,4.864598864900741,4.864598864900741,0.041024381717391034,0.041398995,0.10140803,3.1306365e-05,0.03680264,0.81321496,1.0
14970000,1.2621793,256.96153846153845,0.9331166,0.055942744,3.676857908284681,3.676857908284681,0.136802991762614,0.08892594,0.09304281,3.129295e-05,0.039793797,0.7522427,1.0
14980000,1.2969732,184.35714285714286,1.0078872,0.05374677,5.22657518253361,5.22657518253361,0.08066729187859371,0.050907858,0.08734539,3.1281095e-05,0.041445237,0.77072453,1.0
14990000,1.2811775,107.83333333333333,0.9658556,0.05153205,4.8344844208392415,4.8344844208392415,0.050486013851089716,0.090024665,0.09834042,3.1269366e-05,0.03878565,0.7681618,1.0
15000000,1.1892682,80.94444444444444,0.9908009,0.050530743,6.712063407835861,6.712063407835861,0.027861602190468047,0.047459066,0.09494131,3.1256503e-05,0.07107921,0.6800804,1.0
15010000,1.1349155,109.33333333333333,1.0993593,0.059087425,6.460490142548311,6.460490142548311,0.04521481905664716,0.022653732,0.10160931,3.124364e-05,0.043991975,0.5743137,1.0
15020000,1.1596837,97.88235294117646,0.9921407,0.06404236,6.542331324931344,6.542331324931344,0.10886377411182313,0.020122,0.098125085,3.1230677e-05,0.08349047,0.6281725,1.0
15030000,1.1944348,252.36363636363637,0.9628378,0.066618815,5.507271043415688,5.507271043415688,0.08685626536184414,0.034822952,0.10085445,3.1218908e-05,0.040537924,0.6602056,1.0
15040000,1.0796348,188.88235294117646,0.9570376,0.06729151,4.06817172684068,4.06817172684068,0.08121459439633216,0.04505696,0.09856784,3.1207113e-05,0.04194497,0.55194247,1.0
15050000,0.9765695,154.13636363636363,0.92914367,0.06656349,5.017020402316753,5.017020402316753,0.1110589033620351,0.07470894,0.09130879,3.1194042e-05,0.053686988,0.4854164,1.0
15060000,0.9663657,168.27272727272728,0.9906796,0.072453745,6.183029463913241,6.183029463913241,0.08029087372547523,0.02633839,0.09810336,3.118097e-05,0.04768729,0.43281484,1.0
15070000,1.0240895,153.04347826086956,0.9656338,0.06730843,5.225191664614714,5.225191664614714,0.05189282486249478,0.037567325,0.096656345,3.116791e-05,0.042217825,0.48919678,1.0
15080000,1.0810541,104.45833333333333,0.85304344,0.06644458,4.333436890320627,4.333436890320627,0.057966234902172196,0.035533693,0.09879584,3.115607e-05,0.043750506,0.52767545,1.0
15090000,1.1821586,103.16,1.1071947,0.07356836,6.2362325748945295,6.2362325748945295,0.05061364744324237,0.022257013,0.09339349,3.1144315e-05,0.04358882,0.6176452,1.0
15100000,1.1728622,87.66666666666667,0.96841484,0.06970402,5.99241440076577,5.99241440076577,0.02660874478322895,0.03543734,0.09332554,3.1131327e-05,0.040950052,0.6483309,1.0
15110000,1.2394643,315.94444444444446,1.0038263,0.06634858,6.769398396574019,6.769398396574019,0.10261990877592729,0.018574636,0.09108362,3.1118485e-05,0.040451515,0.7061256,1.0
15120000,1.1927587,175.8095238095238,1.0289594,0.060558833,6.462364811386527,6.462364811386527,0.06882588197116829,0.11258092,0.10013586,3.110548e-05,0.040212378,0.6665529,1.0
15130000,1.1630163,75.82352941176471,1.010002,0.067995936,7.0989153753308685,7.0989153753308685,0.06151171653148006,0.13104126,0.09268243,3.1093852e-05,0.043101866,0.67000836,1.0
15140000,1.1224195,233.65,0.92361766,0.06896427,6.1769266323729655,6.1769266323729655,0.10857061863644049,0.014901474,0.096890554,3.108212e-05,0.04064374,0.6617351,1.0
15150000,1.0552776,356.72727272727275,1.0648005,0.07202789,6.42796265460228,6.42796265460228,0.14809242320585658,0.031819254,0.094345614,3.106916e-05,0.044478163,0.5526494,1.0
15160000,1.0416272,178.125,0.9513185,0.06840207,5.6100108863051705,5.6100108863051705,0.0877164203228186,0.032820914,0.09768287,3.105625e-05,0.043509502,0.5215167,1.0
15170000,1.0377488,111.9090909090909,1.0520538,0.071645,5.977151746692066,5.977151746692066,0.04825370183781437,0.037756015,0.09599218,3.1043262e-05,0.04400891,0.54869103,1.0
15180000,0.961228,96.81818181818181,0.96621686,0.07143527,5.949379574108336,5.949379574108336,0.038497426020469336,0.025726076,0.09754137,3.1030184e-05,0.043651294,0.48980674,1.0
15190000,1.0349039,98.29411764705883,0.9781999,0.06981569,6.82555472287883,6.82555472287883,0.026716871070675552,0.0034680667,0.089726605,3.1018586e-05,0.03933429,0.5046609,1.0
15200000,1.115809,123.45,0.97417176,0.06512055,6.392878665658645,6.392878665658645,0.03875834612408653,0.013134351,0.096015215,3.100682e-05,0.039129548,0.5700483,1.0
15210000,1.1298168,66.31818181818181,0.8531629,0.058221225,5.015529667450623,5.015529667450623,0.01886539584533735,0.017309407,0.094870195,3.0993873e-05,0.035481423,0.6925006,1.0
15220000,1.2568145,144.86363636363637,0.9753033,0.055020574,5.762507942032326,5.762507942032326,0.05042454878672619,0.005957312,0.097338416,3.0980773e-05,0.026154205,0.85006124,1.0
15230000,1.3564304,65.75,0.9354344,0.043997362,7.8141021225601435,7.8141021225601435,0.010348575618991163,0.002109286,0.09574318,3.0968036e-05,0.019013772,1.083387,1.0
15240000,1.315845,83.78947368421052,1.0937,0.041654896,7.36486416584567,7.36486416584567,0.02125719365492267,0.009620659,0.08581676,3.0955292e-05,0.018571492,1.1215438,1.0
15250000,1.2487553,127.46666666666667,0.8719071,0.037407257,7.1239725091508355,7.1239725091508355,0.022827761305961758,0.015100148,0.104761966,3.0943767e-05,0.024251372,0.9763016,1.0
15260000,1.2030678,94.26666666666667,0.7397704,0.0411033,6.221550537007196,6.221550537007196,0.031371430710091124,0.17627315,0.09785487,3.093178e-05,0.030866826,0.7967532,1.0
15270000,1.2111597,253.5,0.6791421,0.04692024,4.662756088821903,4.662756088821903,0.35830256964400176,0.073513985,0.09755696,3.0918767e-05,0.051720195,0.81199944,1.0
15280000,1.1616863,116.92857142857143,0.6075828,0.052404396,4.455233951498355,4.455233951498355,0.2045209011661687,0.10787451,0.09824934,3.0905776e-05,0.055028223,0.7127184,1.0
15290000,1.2346308,353.6111111111111,0.55547136,0.05492053,2.919208631704242,2.919208631704242,0.4637326735206039,0.124465026,0.096133426,3.0892774e-05,0.06114307,0.7464386,1.0
15300000,1.3526336,248.0,0.0922427,0.05176754,-4.393450671434403,-4.393450671434403,2.43394660577178,0.10969461,0.089649774,3.088117e-05,0.11256118,0.9719263,1.0
15310000,1.4567546,356.4,0.12233888,0.0547559,-3.730755467340619,-3.730755467340619,1.420501889451407,0.1429419,0.09990205,3.086967e-05,0.07068968,1.1749732,1.0
15320000,1.4873434,2227.5714285714284,0.10893752,0.049708564,-3.345355506523482,-3.345355506523482,1.3085779727553017,0.058930993,0.10164002,3.0856885e-05,0.032254025,1.2939615,1.0
15330000,1.4711925,1028.1666666666667,0.103778884,0.05730362,-3.9840778732185407,-3.9840778732185407,0.8909462419881796,0.06313943,0.09314971,3.0844036e-05,0.03144919,1.2811668,1.0
15340000,1.4200715,248.0,0.02604468,0.043916266,-4.198642585958753,-4.198642585958753,0.5196684300650044,0.032471035,0.09782476,3.0831237e-05,0.037300274,1.1862612,1.0
15350000,1.4722152,4885.857142857143,0.00031381968,0.042446505,-3.5846539223770186,-3.5846539223770186,2.323894059341304,0.030739699,0.101449236,3.0818454e-05,0.034921393,1.1650593,1.0
15360000,1.4368889,1691.4,-0.022098243,0.056109346,-4.125938080418829,-4.125938080418829,1.4245006309144876,0.056229495,0.09489666,3.0805586e-05,0.06309341,1.2569357,1.0
15370000,1.4787083,17872.555555555555,-0.061756633,0.04326301,-2.1339747899453014,-2.1339747899453014,7.757511204915419,0.02463921,0.09503786,3.0793904e-05,0.034138687,1.160978,1.0
15380000,1.4630227,6480.625,-0.103881694,0.05164337,-1.7327667952457697,-1.7327667952457697,2.6000039501559513,0.04970339,0.09767054,3.0782157e-05,0.07938658,1.2068961,1.0
15390000,1.4788668,4079.875,-0.091594,0.053295027,-1.4831577030877967,-1.4831577030877967,1.8038337703322327,0.04444905,0.09772267,3.076914e-05,0.03847513,1.2145194,1.0
15400000,1.4980625,1004.7272727272727,-0.12230453,0.044714145,-2.7633359792417163,-2.7633359792417163,0.6815161261210133,0.028250366,0.09565101,3.0756037e-05,0.029375792,1.2686851,1.0
15410000,1.396675,27328.52380952381,-0.08060317,0.043115377,-4.696593880862411,-4.696593880862411,11.600335810579834,0.07043965,0.10030995,3.0742925e-05,0.04972088,0.988324,1.0
15420000,1.2568642,8206.44,-0.003610228,0.06558981,-0.821946747278921,-0.821946747278921,3.613417728495551,0.07813123,0.10182766,3.073112e-05,0.055585958,0.77431613,1.0
15430000,1.2138512,397.3939393939394,-0.118856065,0.077653565,-1.192500710069694,-1.192500710069694,0.2970308755766107,0.1210724,0.09707173,3.0719308e-05,0.17238668,0.7091378,1.0
15440000,1.2460757,265.5625,-0.20636976,0.073404394,-1.3437321327884981,-1.3437321327884981,0.176770256749478,0.14688054,0.09944392,3.070631e-05,0.0570679,0.6769701,1.0
15450000,1.2646976,191.92,-0.24320611,0.06499896,-1.9140867011684417,-1.9140867011684417,0.1979095652885735,0.10002665,0.097644866,3.069321e-05,0.056133848,0.70672834,1.0
15460000,1.2060757,318.4166666666667,-0.2203438,0.075337954,-0.9449626578979434,-0.9449626578979434,0.32273447166153346,0.09339163,0.098231405,3.0681505e-05,0.059113063,0.64533424,1.0
15470000,1.2056762,243.48,-0.24454577,0.08350278,-0.7788462306122296,-0.7788462306122296,0.19904948210343718,0.12784956,0.09752832,3.0669715e-05,0.05975967,0.5561411,1.0
15480000,1.3064256,315.8695652173913,-0.22321314,0.067996606,-1.0204907768057132,-1.0204907768057132,0.26370064284571487,0.13751215,0.099412866,3.065665e-05,0.062538706,0.7047839,1.0
15490000,1.3576759,262.92857142857144,-0.092011735,0.053046428,0.24025637992306306,0.24025637992306306,0.16812692357187323,0.06944552,0.098153204,3.064378e-05,0.04526577,0.78404236,1.0
15500000,1.276348,272.72727272727275,-0.032956857,0.065113224,-0.4240079666431136,-0.4240079666431136,0.21299085752070823,0.11433532,0.10489835,3.06308e-05,0.060372043,0.6779224,1.0
15510000,1.1866808,282.70588235294116,-0.16408308,0.07141313,-1.5558261914119684,-1.5558261914119684,0.38798464388203097,0.116304055,0.102824375,3.0617746e-05,0.072976924,0.6059141,1.0
15520000,1.1541542,13616.105263157895,-0.110516876,0.0708478,-0.7078874075437852,-0.7078874075437852,6.840354558734123,0.080374606,0.09685992,3.060593e-05,0.06779869,0.5751557,1.0
15530000,1.1216822,276.1764705882353,-0.07775723,0.079246536,-0.031810905608579826,-0.031810905608579826,0.33060690346995697,0.075582266,0.095228985,3.059426e-05,0.067235895,0.52520204,1.0
15540000,1.1257035,455.6666666666667,-0.040759824,0.07720305,-0.029484180013470182,-0.029484180013470182,0.290547310312589,0.16500127,0.0927131,3.0581206e-05,0.057216067,0.5406594,1.0
15550000,1.1013501,228.625,-0.16501342,0.07604189,-0.46420107317588144,-0.46420107317588144,0.16487542505637975,0.18681638,0.097658366,3.0568306e-05,0.054771997,0.49677438,1.0
15560000,1.1086049,190.88235294117646,-0.24079569,0.07901551,-2.522219076040475,-2.522219076040475,0.2792870592486853,0.24331719,0.09371292,3.0556614e-05,0.07117665,0.5261259,1.0
15570000,1.1553949,626.6363636363636,-0.25003296,0.07640117,-0.8422207459340317,-0.8422207459340317,0.3645138810778094,0.051727086,0.100718305,3.054476e-05,0.053066332,0.5638246,1.0
15580000,1.0874122,202.28,-0.29949287,0.081695326,-1.4253902493495003,-1.4253902493495003,0.2764817694741606,0.0548249,0.097277686,3.0531657e-05,0.068860754,0.5296587,1.0
15590000,0.97140616,255.55,-0.39353505,0.09872736,-2.419556376986037,-2.419556376986037,0.45463178547361166,0.12594412,0.0945274,3.051856e-05,0.10779049,0.4844536,1.0
15600000,1.0584884,333.375,-0.18285286,0.092709765,-1.2809991222220274,-1.2809991222220274,0.4417779773939401,0.1095555,0.10030677,3.0505445e-05,0.06189931,0.4296884,1.0
15610000,1.0395395,475.6470588235294,-0.29310787,0.100130275,-1.7479292503782142,-1.7479292503782142,0.42952203774235814,0.09823057,0.09900755,3.0493622e-05,0.07796249,0.45826748,1.0
15620000,1.075592,544.3076923076923,-0.26957276,0.09231458,-1.5512262010572453,-1.5512262010572453,0.40469237398472613,0.37762976,0.097579435,3.0481844e-05,0.060941905,0.4775412,1.0
15630000,1.0263748,223.58333333333334,-0.20733266,0.07354022,-1.539401588113693,-1.539401588113693,0.13135121264853156,0.058369778,0.0965521,3.0468518e-05,0.05645015,0.46440315,1.0
15640000,1.0789491,382.2,-0.30021656,0.08119057,-1.1642901427222845,-1.1642901427222845,0.28637994616292417,0.02744546,0.095939465,3.0455389e-05,0.06002303,0.46580082,1.0
15650000,1.0874375,290.25,-0.22878884,0.08186952,-0.5016069026590685,-0.5016069026590685,0.2889685358168208,0.15614547,0.09863631,3.0443747e-05,0.066217825,0.47328606,1.0
15660000,1.0184426,787.5,-0.15582606,0.07643037,-1.5766047247867343,-1.5766047247867343,0.5432462491929376,0.03532621,0.09098548,3.0432062e-05,0.051179428,0.40982637,1.0
15670000,0.97020036,588.84,-0.103085764,0.06280598,-0.5718334222449495,-0.5718334222449495,0.3520970685017528,0.09373245,0.09596832,3.0419029e-05,0.05721278,0.38234645,1.0
15680000,0.8772813,272.55555555555554,-0.21581371,0.0652806,-0.836749280218461,-0.836749280218461,0.22521722389824894,0.092322394,0.09675642,3.0406041e-05,0.060828723,0.3495697,1.0
15690000,0.98015785,274.5,-0.20389812,0.07458944,-1.2451374581228427,-1.2451374581228427,0.25781466552013754,0.025596028,0.095100254,3.0394118e-05,0.07818596,0.377424,1.0
15700000,0.9842998,504.7647058823529,-0.22382809,0.068671025,-1.4944851681094433,-1.4944851681094433,0.3299682714209399,0.05544893,0.09033782,3.0382163e-05,0.051079303,0.3890096,1.0
15710000,1.0204488,254.125,-0.22554345,0.062461846,-2.5680313952653364,-2.5680313952653364,0.29190065831062384,0.032435928,0.09968745,3.0369172e-05,0.060768217,0.41881782,1.0
15720000,0.99177235,224.9375,-0.18787593,0.067720786,-0.3040888128028605,-0.3040888128028605,0.1513292268703026,0.049531735,0.09381282,3.0356216e-05,0.05150615,0.40221557,1.0
15730000,0.9740564,570.7894736842105,-0.18041126,0.06677461,-0.5103031153027092,-0.5103031153027092,0.3939343228980043,0.042396206,0.09750145,3.0343072e-05,0.0610377,0.4015407,1.0
15740000,0.99369377,641.1176470588235,-0.16831233,0.06232359,-1.1155863123122045,-1.1155863123122045,0.3930932162603473,0.021174587,0.09996121,3.033133e-05,0.052821875,0.4244863,1.0
15750000,1.0596159,310.2307692307692,-0.17669567,0.063508905,-0.1301750959326175,-0.1301750959326175,0.1994956346383193,0.10404672,0.09791835,3.0319661e-05,0.05185116,0.4152522,1.0
15760000,1.0587952,589.1666666666666,-0.13132772,0.061416574,-1.3274985085899462,-1.3274985085899462,0.3607092248033344,0.059123803,0.09518061,3.0306765e-05,0.05627636,0.45237345,1.0
15770000,1.138814,220.1,-0.17011882,0.06321706,-1.385785879788339,-1.385785879788339,0.17234515624295454,0.05593271,0.09982683,3.02936e-05,0.052295316,0.5147361,1.0
15780000,1.1518384,595.2352941176471,-0.18729107,0.060826525,-0.9170909947872743,-0.9170909947872743,0.3612434605602175,0.041806113,0.09399538,3.0280591e-05,0.04980937,0.5301935,1.0
15790000,1.2073196,217.8181818181818,-0.15815084,0.05956024,-1.0829395142694314,-1.0829395142694314,0.1513381380973442,0.036618914,0.09295021,3.0268873e-05,0.049839832,0.5593268,1.0
15800000,1.2578816,376.7857142857143,-0.16575028,0.066372946,-0.7649095293837129,-0.7649095293837129,0.3213404069164036,0.12903845,0.09516898,3.0257152e-05,0.065664425,0.5923558,1.0
15810000,1.3494066,274.2307692307692,-0.11362942,0.059414905,-1.4019352512445598,-1.4019352512445598,0.1677215850706069,0.021354044,0.0952171,3.0244264e-05,0.051228493,0.6580916,1.0
15820000,1.3771298,437.5833333333333,-0.17287454,0.06556633,-2.434623960866974,-2.434623960866974,0.8308383069755413,0.110587135,0.099848434,3.02314e-05,0.12907307,0.7340407,1.0
15830000,1.3625833,582.5833333333334,-0.26219168,0.092927046,-1.9480030261103298,-1.9480030261103298,0.5349185419884938,0.024395349,0.096306406,3.0218454e-05,0.05830424,0.68582493,1.0
15840000,1.3760502,237.69230769230768,-0.16718236,0.07801165,-1.0539515454966022,-1.0539515454966022,0.16618819007999264,0.015165411,0.09071297,3.020537e-05,0.047758434,0.6058964,1.0
15850000,1.3954233,608.3333333333334,-0.15196422,0.06522908,-2.0886419846738398,-2.0886419846738398,0.27084476141525166,0.03288427,0.10117011,3.0193567e-05,0.04363482,0.7063093,1.0
15860000,1.4004048,567.6470588235294,-0.16377912,0.061651926,-0.5536491712455391,-0.5536491712455391,0.3161106861388201,0.03466199,0.09429765,3.0181918e-05,0.04947947,0.6525676,1.0
15870000,1.4346558,358.9047619047619,-0.22982809,0.059619304,-1.0614200873020847,-1.0614200873020847,0.27407234666835784,0.043749373,0.09473999,3.0168896e-05,0.05957354,0.7709075,1.0
15880000,1.4275093,507.8181818181818,-0.23498483,0.05957942,-1.5744367297894297,-1.5744367297894297,0.37308473214507104,0.058568757,0.10144882,3.0155914e-05,0.053278733,0.76650697,1.0
15890000,1.48023,596.2105263157895,-0.28055957,0.058183577,-1.832910737813831,-1.832910737813831,0.4924329814282828,0.11514132,0.09868819,3.0143074e-05,0.05240173,0.82452375,1.0
15900000,1.565977,320.7,-0.24767627,0.057125166,-0.729870843556762,-0.729870843556762,0.23076187823899091,0.046091255,0.09770722,3.0131356e-05,0.039385416,1.0072281,1.0
15910000,1.5865955,1395.4,-0.13795598,0.046160772,-0.9092222160011751,-0.9092222160011751,0.7018307278398425,0.076716535,0.09268018,3.0119569e-05,0.028846394,1.0956627,1.0
15920000,1.6026644,1593.0,-0.16349518,0.05050496,0.4644233347369644,0.4644233347369644,1.1298302707495167,0.367697,0.094862595,3.0106545e-05,0.034641482,1.2376101,1.0
15930000,1.6328939,324.46666666666664,-0.14499077,0.0447022,-0.11763861022042808,-0.11763861022042808,0.11977526256038497,0.07545863,0.09993864,3.00934e-05,0.043567296,1.3300096,1.0
15940000,1.6499982,286.5833333333333,-0.0944123,0.03264114,0.17403744692447684,0.17403744692447684,0.11303122222307138,0.052497968,0.09333275,3.0081468e-05,0.020266442,1.3450668,1.0
15950000,1.6459005,1407.0,-0.07424615,0.035508174,0.2307017550946045,0.2307017550946045,0.9073737979245683,0.038122784,0.107641116,3.0069816e-05,0.017051052,1.4184502,1.0
15960000,1.5818944,828.8571428571429,-0.06555914,0.031897087,1.444521816752059,1.444521816752059,0.23050722415376054,0.10962783,0.09413882,3.0056932e-05,0.021852592,1.2686502,1.0
15970000,1.575714,1025.7692307692307,-0.075737976,0.035292357,1.2462927165697724,1.2462927165697724,0.4458983894974853,0.16328901,0.09397228,3.0043684e-05,0.035173126,1.0586994,1.0
15980000,1.5947452,438.2,0.1480421,0.034553193,2.2544642491239064,2.2544642491239064,0.21368890923525516,0.10016789,0.098444894,3.0031464e-05,0.033946745,1.120203,1.0
15990000,1.6032137,304.8888888888889,0.12830818,0.042681962,1.5949225605390362,1.5949225605390362,0.13480867077391046,0.06538417,0.098040156,3.0019528e-05,0.03862179,1.167632,1.0
16000000,1.590804,370.46153846153845,0.31378832,0.04685421,3.6108055644249637,3.6108055644249637,0.18265521261907583,0.04413739,0.101225615,3.0006322e-05,0.027351182,1.2329352,1.0
16010000,1.5692184,353.54545454545456,0.3748305,0.048268124,2.9211598606317764,2.9211598606317764,0.14171939140545542,0.09103641,0.097667195,2.9993016e-05,0.03072459,1.141742,1.0
16020000,1.504392,150.58823529411765,0.51316494,0.052578256,3.722953878425612,3.722953878425612,0.25402161513920873,0.023882337,0.10254041,2.9981122e-05,0.038195826,1.0315051,1.0
16030000,1.4306862,245.28571428571428,0.5806432,0.069992535,4.429044769872683,4.429044769872683,0.2373537035143402,0.09145422,0.098294914,2.9969373e-05,0.08746373,0.8369163,1.0
16040000,1.4979417,303.10526315789474,0.5922638,0.06073729,4.154466165248556,4.154466165248556,0.21573796512951193,0.056795634,0.09660938,2.9956276e-05,0.037463877,0.8984051,1.0
16050000,1.469707,226.7,0.61312544,0.0722743,3.639970412016736,3.639970412016736,0.18676898847334086,0.04724724,0.095948115,2.9943127e-05,0.06689611,0.9197973,1.0
16060000,1.4344772,196.8181818181818,0.62642723,0.084888026,4.042225310045089,4.042225310045089,0.20674345528294163,0.06301403,0.0950721,2.9931392e-05,0.054529708,0.8109199,1.0
16070000,1.4809195,345.08,0.69271016,0.102595836,3.8169667767342332,3.8169667767342332,0.1921980230603367,0.069088206,0.09123022,2.9919665e-05,0.05098266,0.9131907,1.0
16080000,1.54011,237.3684210526316,0.5799385,0.07141269,3.1670058727796087,3.1670058727796087,0.16013168547253467,0.064274855,0.09500573,2.9906665e-05,0.042761475,1.0221598,1.0
16090000,1.4831281,604.0,0.8771855,0.0719846,5.511796999896018,5.511796999896018,0.21379121909315776,0.063120775,0.09980469,2.9893632e-05,0.03369138,1.074269,1.0
16100000,1.5102801,172.66666666666666,0.8619744,0.058313083,4.940938697395424,4.940938697395424,0.07795437478809618,0.02964753,0.09301849,2.9880506e-05,0.030200869,1.0706604,1.0
16110000,1.5313097,127.0,0.9929231,0.040259413,5.175440866048693,5.175440866048693,0.05638753974603282,0.037344057,0.099838965,2.986861e-05,0.032116737,1.0617249,1.0
16120000,1.5139848,223.19230769230768,0.9166296,0.042801082,4.77998343533567,4.77998343533567,0.12334844811210552,0.03853209,0.09953397,2.9856888e-05,0.034946978,1.043499,1.0
16130000,1.4713168,274.375,0.95212066,0.04894324,5.154401600460048,5.154401600460048,0.1310428265326967,0.049990583,0.095881686,2.984381e-05,0.041471172,0.9435234,1.0
16140000,1.4823272,344.53333333333336,0.89575267,0.046034463,4.19656347539918,4.19656347539918,0.13641519305141023,0.01853889,0.101601265,2.9830762e-05,0.034187958,0.9506782,1.0
16150000,1.4532449,557.9,0.97874355,0.048766017,4.250599454144291,4.250599454144291,0.29373984984163143,0.25947016,0.09291529,2.9819012e-05,0.039307684,0.89882505,1.0
16160000,1.4144309,540.0,1.0110996,0.061907604,4.9658163853115225,4.9658163853115225,0.21732818304112048,0.23440108,0.1032488,2.9807274e-05,0.04684452,0.89084655,1.0
16170000,1.404115,282.87179487179486,0.92798215,0.062840596,3.1722660667209714,3.1722660667209714,0.15443993622242347,0.18743992,0.101325415,2.9793973e-05,0.042318154,0.80767995,1.0
16180000,1.4481362,135.3421052631579,0.909322,0.06575882,3.3366277619851137,3.3366277619851137,0.06135728179443552,0.05128761,0.09531451,2.9780658e-05,0.049331572,0.8789681,1.0
16190000,1.4245092,214.42424242424244,0.8692022,0.06876519,4.042001094114546,4.042001094114546,0.09801853895469596,0.028210223,0.09172429,2.9768857e-05,0.035079002,0.9362434,1.0
16200000,1.4046832,178.28571428571428,0.93253076,0.06995761,4.140254770543578,4.140254770543578,0.07356916486917596,0.04472854,0.09267477,2.9756959e-05,0.041905086,0.8555519,1.0
16210000,1.4144076,963.8,1.0539327,0.06521074,5.44513678324421,5.44513678324421,0.41740194739191794,0.019658571,0.09071425,2.9743791e-05,0.032097954,0.95137465,1.0
16220000,1.3657504,313.8125,0.89193463,0.06218441,3.758547498910132,3.758547498910132,0.11886440545276855,0.033299066,0.090992875,2.9730722e-05,0.038537487,0.8068196,1.0
16230000,1.4138678,177.1153846153846,0.9873347,0.0715923,5.460917407866366,5.460917407866366,0.07533542362973095,0.045373693,0.09510908,2.9718994e-05,0.039630163,0.80842125,1.0
16240000,1.4370017,117.74074074074075,0.87084436,0.063315436,4.400350869175911,4.400350869175911,0.047262513945107845,0.062131327,0.09704839,2.9707066e-05,0.034776025,0.8953227,1.0
16250000,1.3413166,237.59259259259258,0.9851849,0.07861407,4.418219043641008,4.418219043641008,0.10543453961737989,0.08228776,0.099432714,2.969414e-05,0.04065483,0.83090115,1.0
16260000,1.326878,280.2903225806452,0.8898143,0.081642754,4.244060940816821,4.244060940816821,0.12993686770593438,0.039929945,0.09663001,2.9681007e-05,0.04536836,0.714857,1.0
16270000,1.3577092,192.0,0.8840131,0.080752485,4.151764475191657,4.151764475191657,0.08946761801358193,0.037094478,0.093091466,2.9667824e-05,0.041013636,0.758242,1.0
16280000,1.3434744,157.93548387096774,0.86752206,0.07591739,3.577661735063348,3.577661735063348,0.07028167000680696,0.04556489,0.09704425,2.9656023e-05,0.039728776,0.763436,1.0
16290000,1.3530033,114.66666666666667,0.94598037,0.078430235,4.5181946825064285,4.5181946825064285,0.050580757743834207,0.08462966,0.09862012,2.9644356e-05,0.041048814,0.7546295,1.0
16300000,1.3118079,561.0,0.97831553,0.0808811,5.106281304616845,5.106281304616845,0.3426998831011588,0.10954617,0.09698622,2.9631297e-05,0.043661434,0.7305857,1.0
16310000,1.2693284,139.70833333333334,1.1160651,0.09398343,5.325130566746107,5.325130566746107,0.0744068116042763,0.0758449,0.09360115,2.9618159e-05,0.046287492,0.6961225,1.0
16320000,1.2442443,244.0909090909091,0.9579918,0.0865642,3.8639705506671587,3.8639705506671587,0.15099063596599907,0.06094441,0.09512956,2.9606434e-05,0.056290463,0.70492387,1.0
16330000,1.2922568,233.68571428571428,0.985655,0.08424048,3.767340849323707,3.767340849323707,0.09843218520109076,0.10623753,0.09263699,2.9594734e-05,0.041514415,0.6924008,1.0
16340000,1.2897487,253.75,1.0116439,0.076920584,3.5075757872361795,3.5075757872361795,0.1445193683250329,0.08743073,0.08908357,2.9581683e-05,0.039304413,0.73958856,1.0
16350000,1.2423232,192.32142857142858,0.93427145,0.08160797,4.25022137940927,4.25022137940927,0.09916781148474131,0.079709545,0.09747478,2.956863e-05,0.044442028,0.67443335,1.0
16360000,1.2932613,138.375,0.93303317,0.07563577,5.156924103401933,5.156924103401933,0.05702305192729303,0.04159538,0.0956527,2.9555635e-05,0.04033136,0.750018,1.0
16370000,1.2937679,684.0,1.0048342,0.06409302,5.468630036441676,5.468630036441676,0.08390595618402585,0.034954682,0.100633286,2.9543984e-05,0.03867605,0.7940678,1.0
16380000,1.2448477,179.65384615384616,0.95926386,0.070898876,4.772246434436204,4.772246434436204,0.08552037780848948,0.14845428,0.101818725,2.9532204e-05,0.03854286,0.70294213,1.0
16390000,1.2409823,289.25,0.95897144,0.06632504,4.138915873997287,4.138915873997287,0.1391546078708156,0.13603282,0.0958349,2.9518944e-05,0.04291732,0.6494955,1.0
16400000,1.2079697,109.5625,0.9896877,0.064486586,4.351794698811659,4.351794698811659,0.05331671898485979,0.04717853,0.09783371,2.950571e-05,0.04430837,0.6656439,1.0
16410000,1.1639643,190.0,0.89816934,0.06746087,3.171307532325294,3.171307532325294,0.08470806222519112,0.09820625,0.09142241,2.9493836e-05,0.04891505,0.56782645,1.0
16420000,1.1213601,110.18181818181819,1.0308704,0.07829499,4.121438239683063,4.121438239683063,0.056229894599792635,0.12830077,0.09557511,2.9481986e-05,0.05138734,0.54914725,1.0
16430000,1.0952302,93.45454545454545,1.1494911,0.07733276,6.039722987101413,6.039722987101413,0.047614881726489824,0.118604995,0.090969615,2.9468905e-05,0.05028348,0.53691006,1.0
16440000,1.1105652,203.375,0.9837318,0.079860516,5.500209316801097,5.500209316801097,0.0831506589640175,0.08934261,0.0970624,2.9455736e-05,0.051419467,0.55542743,1.0
16450000,1.0554286,157.89655172413794,0.9730631,0.082602,4.333352375895566,4.333352375895566,0.1062366355788605,0.08775646,0.097968996,2.9443847e-05,0.04949478,0.522326,1.0
16460000,1.0156991,418.05263157894734,0.8707191,0.08097345,2.9588190995715165,2.9588190995715165,0.19928831558149213,0.1016557,0.09942068,2.9432009e-05,0.05201319,0.4585592,1.0
16470000,1.0281525,91.28,0.96027315,0.088848025,5.501834165053442,5.501834165053442,0.05574174782261252,0.049616374,0.08806072,2.9418865e-05,0.05433906,0.4659349,1.0
16480000,0.9802877,162.5,1.014146,0.08021891,6.139055735454622,6.139055735454622,0.0779504060575908,0.046667952,0.095541276,2.9405855e-05,0.050025303,0.45494127,1.0
16490000,0.93520474,1217.3809523809523,1.0022231,0.08255423,6.293379325229699,6.293379325229699,0.5502456765818697,0.04274216,0.10072335,2.9392826e-05,0.048842512,0.38461804,1.0
16500000,0.9364022,139.12,0.88593113,0.07960761,4.673321601371453,4.673321601371453,0.07858355775475502,0.022393223,0.09208212,2.9381035e-05,0.047089346,0.38644418,1.0
16510000,0.98985326,194.8,0.8932956,0.07869704,4.181413131619385,4.181413131619385,0.08819148710784341,0.076465584,0.097665176,2.9369312e-05,0.04785575,0.41205612,1.0
16520000,1.0283059,522.2285714285714,0.9367262,0.07921417,3.5027431027752445,3.5027431027752445,0.27246599859833825,0.44053507,0.09951484,2.9356312e-05,0.05392636,0.44563976,1.0
16530000,1.0528866,348.53333333333336,0.98056626,0.07992952,4.446620834446231,4.446620834446231,0.17023154095125695,0.16851816,0.09620467,2.9343253e-05,0.046402164,0.46346784,1.0
16540000,1.0682013,160.8125,0.8337828,0.075314336,3.4454695390013086,3.4454695390013086,0.0776075389021571,0.23914668,0.10000308,2.933143e-05,0.05077842,0.47267255,1.0
16550000,1.0605466,311.93939393939394,0.7751966,0.08021365,3.894813740078358,3.894813740078358,0.1986370945996896,0.3769879,0.10011514,2.9319543e-05,0.04761479,0.5027711,1.0
16560000,1.0373646,125.81481481481481,0.86357087,0.08127585,4.355980548211619,4.355980548211619,0.06336334585544787,0.21914546,0.09356029,2.9306475e-05,0.046783216,0.46306142,1.0
16570000,0.9290517,94.75,0.9953562,0.08035652,5.365157259007295,5.365157259007295,0.10488926033334185,0.13827007,0.094244815,2.9293431e-05,0.06295331,0.44020185,1.0
16580000,0.8522787,624.45,0.98410696,0.08103336,5.961653589816281,5.961653589816281,0.30765628855515387,0.037383355,0.09667762,2.9280467e-05,0.048529442,0.37156668,1.0
16590000,0.80904484,139.72727272727272,0.9533737,0.08039078,5.805196223293024,5.805196223293024,0.06641514398242263,0.11032908,0.09855611,2.9268727e-05,0.050589688,0.3418414,1.0
16600000,0.83927613,145.0,1.0207489,0.08673623,6.906423880710787,6.906423880710787,0.05188599736797378,0.05920618,0.093618885,2.9257033e-05,0.049055133,0.30262274,1.0
16610000,0.8131769,277.81481481481484,1.0390112,0.09851912,4.62473370880664,4.62473370880664,0.25551862261663366,0.10256083,0.08897655,2.924395e-05,0.060661603,0.32051954,1.0
16620000,0.8476826,169.84,0.9769482,0.10147129,5.175693165804259,5.175693165804259,0.07334181229234674,0.041250758,0.09856963,2.9230845e-05,0.048720468,0.31196293,1.0
16630000,0.80556107,135.73076923076923,0.8858543,0.09980036,4.2563348141882695,4.2563348141882695,0.05197799103692747,0.05489783,0.0960196,2.9219069e-05,0.047142614,0.26671404,1.0
16640000,0.82520753,388.90909090909093,0.9220248,0.093924806,6.000500849117945,6.000500849117945,0.21064045564377343,0.04262229,0.09689846,2.9207255e-05,0.048022576,0.28246337,1.0
16650000,0.80381876,439.875,1.073187,0.089595795,6.053728653208846,6.053728653208846,0.22338296102437502,0.07741323,0.09626931,2.919423e-05,0.046801873,0.29000533,1.0
16660000,0.77480024,156.65217391304347,1.0372427,0.08857016,5.53038527774295,5.53038527774295,0.06555133891980285,0.15939163,0.100035,2.9181194e-05,0.050406776,0.2790722,1.0
16670000,0.7802247,156.08695652173913,0.90833604,0.082069196,5.257436584265508,5.257436584265508,0.06403836025856435,0.0075426274,0.09187722,2.9168124e-05,0.046232093,0.24505246,1.0
16680000,0.8412832,325.4761904761905,1.0904837,0.099127814,6.287909616545676,6.287909616545676,0.1683708224022253,0.018775575,0.09592207,2.9155159e-05,0.10880388,0.30410156,1.0
16690000,0.87196344,346.0416666666667,0.91733193,0.08989742,4.830074040575255,4.830074040575255,0.22053988526264826,0.22483549,0.100027435,2.9143459e-05,0.044703703,0.31648433,1.0
16700000,0.83797055,95.92,1.0502162,0.09635042,6.170924537698738,6.170924537698738,0.024751867400482297,0.03560504,0.104169466,2.9131606e-05,0.0473287,0.2872817,1.0
16710000,0.7407628,460.6,0.98463815,0.08476418,5.02222749100552,5.02222749100552,0.2141790627501905,0.018777568,0.0969508,2.9118557e-05,0.0468648,0.2428298,1.0
16720000,0.79233545,122.95454545454545,0.9608944,0.09264475,5.327698820933702,5.327698820933702,0.0463064326865027,0.01579217,0.09418851,2.9105384e-05,0.046438072,0.23598322,1.0
16730000,0.8591876,113.78260869565217,1.0380169,0.094920926,5.946235708284329,5.946235708284329,0.03626275060283344,0.016160967,0.090483226,2.9093673e-05,0.043988734,0.28132597,1.0
16740000,0.8973134,140.17391304347825,0.9111333,0.08559576,4.9659318776302035,4.9659318776302035,0.05316560552455485,0.085686065,0.095619045,2.9081895e-05,0.04705239,0.28888595,1.0
16750000,0.8947905,235.5,0.8771712,0.08736358,5.821588584461461,5.821588584461461,0.11846404717070982,0.0060442938,0.09297039,2.9068771e-05,0.042590555,0.29065818,1.0
16760000,0.8853889,349.7826086956522,0.9472137,0.08681584,5.618549449069788,5.618549449069788,0.1653518334597997,0.14394447,0.0942205,2.9055815e-05,0.042897027,0.26212677,1.0
16770000,0.89252496,77.94736842105263,0.9164521,0.08188784,6.183192189194654,6.183192189194654,0.020239337555770027,0.019278578,0.094882905,2.9044195e-05,0.047202,0.2742912,1.0
16780000,0.8683009,174.68,0.8822996,0.0777192,4.872495905393928,4.872495905393928,0.07745162956416607,0.017403942,0.1007311,2.9032171e-05,0.047833197,0.2664135,1.0
16790000,0.85322237,623.5555555555555,1.0244256,0.07403392,5.102599999216986,5.102599999216986,0.33706066053575623,0.046265494,0.09760048,2.9019287e-05,0.039438665,0.24028988,1.0
16800000,0.8168788,127.11111111111111,1.0224377,0.06969409,6.356695604487083,6.356695604487083,0.038600399073115306,0.005079423,0.09515297,2.9006236e-05,0.04552961,0.23194814,1.0
16810000,0.84636647,110.73913043478261,1.0752774,0.06665614,5.950276464993215,5.950276464993215,0.037275528775669795,0.039199222,0.09838142,2.8993352e-05,0.045616984,0.23050013,1.0
16820000,0.8304714,317.625,0.9091766,0.062764876,3.86129753237419,3.86129753237419,0.12822001608674327,0.035130512,0.09691564,2.898039e-05,0.047411956,0.21650055,1.0
16830000,0.86772025,134.41666666666666,0.9924745,0.064457186,5.309666188448318,5.309666188448318,0.11487477973181133,0.030304357,0.101809345,2.89686e-05,0.156454,0.21781147,1.0
16840000,0.8174526,90.95454545454545,1.079945,0.07411348,6.360811004118824,6.360811004118824,0.0327633644496514,0.04112122,0.09523235,2.895674e-05,0.07104877,0.20403738,1.0
16850000,0.8312338,1263.892857142857,0.94867957,0.07040801,4.4489984015216635,4.4489984015216635,0.6177153764874674,0.052228104,0.09120734,2.8943792e-05,0.050595082,0.22999719,1.0
16860000,0.9430913,142.96,1.0804996,0.06591787,5.64657901283485,5.64657901283485,0.053488215608522294,0.046821434,0.09944477,2.893082e-05,0.04639829,0.24145266,1.0
16870000,1.0137488,95.15,1.000448,0.06062973,6.336964710295433,6.336964710295433,0.034749760536942634,0.024749571,0.091995955,2.8917848e-05,0.04668622,0.3079215,1.0
16880000,1.0777055,225.44,0.97108734,0.059438493,5.286834025588347,5.286834025588347,0.0963636239466723,0.020740353,0.093833625,2.8906168e-05,0.04186012,0.31980786,1.0
16890000,1.0772079,659.35,1.0423143,0.058088012,6.164910002863188,6.164910002863188,0.2857319267377967,0.033688795,0.096738145,2.8894521e-05,0.04629004,0.3273587,1.0
16900000,1.0649132,107.625,0.95532334,0.06088761,5.068967434551875,5.068967434551875,0.037188976474377945,0.041809846,0.096913435,2.888141e-05,0.046538293,0.3515845,1.0
16910000,1.0390141,271.24,0.97332275,0.060154837,5.436962554617066,5.436962554617066,0.22481991713866592,0.05649081,0.09710919,2.8868424e-05,0.04596245,0.34273055,1.0
16920000,0.9938679,319.59090909090907,1.1107427,0.057921324,5.917494644418597,5.917494644418597,0.1253472191747278,0.03307969,0.09632452,2.8855613e-05,0.04991349,0.37190568,1.0
16930000,0.95136315,232.0,0.6916692,0.060407873,3.8303733747352227,3.8303733747352227,0.28492196786683055,0.06077746,0.0978073,2.8843982e-05,0.054070573,0.34016904,1.0
16940000,0.88073856,260.7826086956522,0.9387328,0.07083212,5.307482200753727,5.307482200753727,0.12225591379177311,0.061497133,0.09247939,2.8832268e-05,0.06782792,0.3204401,1.0
16950000,0.85924584,117.58333333333333,0.94082284,0.06667771,5.197736833081694,5.197736833081694,0.04296580464708076,0.014022494,0.095189214,2.8819257e-05,0.048756517,0.2835942,1.0
16960000,0.9081397,320.4230769230769,0.9244696,0.05668186,4.954128203828312,4.954128203828312,0.1649232253095963,0.026777465,0.09642964,2.880621e-05,0.043787513,0.29937217,1.0
16970000,0.9761617,157.78947368421052,0.9767759,0.051564526,6.8114660400159615,6.8114660400159615,0.0609193479544238,0.021885023,0.09884029,2.8793098e-05,0.043600928,0.35718745,1.0
16980000,0.97535086,3550.1739130434785,1.117445,0.04945691,6.160461009153418,6.160461009153418,1.488140156987356,0.08984183,0.09197476,2.8781284e-05,0.0449312,0.37944,1.0
16990000,0.918664,248.2,1.0455484,0.052033838,5.260484827873699,5.260484827873699,0.09875918110832572,0.15201065,0.09782183,2.8769547e-05,0.049891315,0.3478217,1.0
17000000,0.89511085,124.45833333333333,1.0287498,0.052849714,5.807347959885824,5.807347959885824,0.05435633241237762,0.019315224,0.09530637,2.8756389e-05,0.0476866,0.33803612,1.0
17010000,0.97698826,632.3809523809524,0.9625515,0.050486036,5.709103072771813,5.709103072771813,0.27417641470674425,0.064168386,0.09673647,2.8743487e-05,0.047563933,0.33816627,1.0
17020000,1.0800009,119.63636363636364,0.9983868,0.04975499,5.889189896176912,5.889189896176912,0.07894131187772886,0.014959091,0.086456284,2.8730414e-05,0.04798913,0.42904025,1.0
17030000,1.1012943,252.88888888888889,0.98811275,0.043630585,4.696532446259587,4.696532446259587,0.11081334072748307,0.039536808,0.09792359,2.8718556e-05,0.046999015,0.41322133,1.0
17040000,1.1359425,437.04545454545456,0.93648183,0.04460458,5.642110317498469,5.642110317498469,0.2388959961773997,0.013621561,0.10007538,2.8706874e-05,0.046072938,0.48932114,1.0
17050000,1.1238307,106.25806451612904,0.9002419,0.041185074,3.792880255691186,3.792880255691186,0.0408624032602044,0.018827314,0.099809885,2.8693632e-05,0.044757895,0.46934333,1.0
17060000,1.1533155,269.0,1.017903,0.046169728,6.010807763267931,6.010807763267931,0.12787786344150928,0.13942334,0.09724261,2.8680652e-05,0.044518642,0.51217556,1.0
17070000,1.2049427,184.0,0.99512166,0.049395774,5.466336572788014,5.466336572788014,0.08517564493029015,0.08791806,0.09781064,2.8667724e-05,0.04790754,0.5853473,1.0
17080000,1.1868544,543.5217391304348,1.0693089,0.043032914,5.834220477888223,5.834220477888223,0.11506708396006037,0.028886354,0.09067047,2.8656106e-05,0.043508973,0.57809347,1.0
17090000,1.2229867,109.32,0.9435476,0.0394577,4.957962863633195,4.957962863633195,0.2131870958804099,0.08387788,0.093307205,2.8644432e-05,0.041889723,0.56187475,1.0
17100000,1.2513214,165.76666666666668,0.9948416,0.04199874,4.239303355136751,4.239303355136751,0.07730098777683451,0.1483966,0.09838955,2.8631312e-05,0.04032154,0.63232857,1.0
17110000,1.1627939,79.0,0.9087269,0.038966257,5.426882313645405,5.426882313645405,0.018749920329909124,0.06108887,0.1009955,2.861832e-05,0.04047378,0.61853427,1.0
17120000,1.1446904,319.75,1.1075039,0.033699203,6.041496624624816,6.041496624624816,0.14365734355698806,0.11911689,0.10642843,2.8605344e-05,0.046381913,0.51584804,1.0
17130000,1.0804807,327.7307692307692,0.98675585,0.036817092,4.354795939871575,4.354795939871575,0.1528611882867363,0.11384416,0.10485342,2.8593502e-05,0.052778892,0.48243135,1.0
17140000,1.0682868,129.82142857142858,1.0747209,0.030386176,4.859549256492106,4.859549256492106,0.09504433433383903,0.13692342,0.09568837,2.8581606e-05,0.049757373,0.48921385,1.0
17150000,1.0431073,891.5,1.0055717,0.034434747,5.479754269510136,5.479754269510136,0.3925551271810643,0.071616575,0.09330027,2.856852e-05,0.051125538,0.45079502,1.0
17160000,1.0296772,572.3181818181819,1.0097826,0.02853099,6.161471951036767,6.161471951036767,0.2568962201570354,0.052303314,0.09503134,2.8555354e-05,0.041413248,0.4277001,1.0
17170000,1.0806358,179.91666666666666,1.0847324,0.03002761,5.5966199885981505,5.5966199885981505,0.09439457592573793,0.18432043,0.09618717,2.8543462e-05,0.045127526,0.4184035,1.0
17180000,1.072499,333.86206896551727,0.93832934,0.028413622,4.2271246192877365,4.2271246192877365,0.18239567378246835,0.08502649,0.097297385,2.8531615e-05,0.049066044,0.44726998,1.0
17190000,1.0420402,119.26923076923077,0.9937321,0.02384331,5.220731659706731,5.220731659706731,0.054892095701339155,0.04905484,0.095134094,2.8518296e-05,0.047064908,0.42495817,1.0
17200000,1.0191536,152.0,1.0506896,0.026601207,5.050974028299186,5.050974028299186,0.07515523807510013,0.06883631,0.08799684,2.850638e-05,0.047366578,0.43182287,1.0
17210000,0.9815891,84.3157894736842,1.050617,0.022646936,6.4007824446613855,6.4007824446613855,0.04090536576021757,0.08307849,0.09377928,2.8494687e-05,0.045922592,0.39120337,1.0
17220000,0.92987794,146.1818181818182,1.013895,0.022557152,5.521639761210092,5.521639761210092,0.05284281758940779,0.029466465,0.08923346,2.8481687e-05,0.040093742,0.38246864,1.0
17230000,0.9033396,89.18181818181819,0.92878705,0.024613684,5.518028651787476,5.518028651787476,0.02758427718865939,0.04780699,0.093745135,2.8468825e-05,0.042415388,0.36353397,1.0
17240000,1.0435836,175.0,0.95506424,0.030614795,4.563821337729071,4.563821337729071,0.0702465348014677,0.10048964,0.10033916,2.8455903e-05,0.043561652,0.4369687,1.0
17250000,1.1330245,129.43478260869566,0.98378366,0.022335794,5.506891601850562,5.506891601850562,0.04693676813685275,0.10295717,0.09160802,2.8442873e-05,0.039273456,0.4812459,1.0
17260000,1.156645,287.04,0.93274796,0.013422315,4.547116531477501,4.547116531477501,0.13125228482764215,0.12822571,0.08773944,2.8431052e-05,0.044272937,0.5441217,1.0
17270000,1.1858866,274.4,0.93057936,0.010305276,6.24561154540786,6.24561154540786,0.12669880902394653,0.10118898,0.09403129,2.8419203e-05,0.039840624,0.52956045,1.0
17280000,1.1608006,331.0625,0.8893898,0.01612533,3.466427085480871,3.466427085480871,0.13064632759051165,0.046230882,0.098694004,2.84062e-05,0.041733347,0.5471598,1.0
17290000,1.2611637,120.33333333333333,0.8987154,0.023346303,6.259171076118946,6.259171076118946,0.039873912592884156,0.025638217,0.0990534,2.8393222e-05,0.06314672,0.56614095,1.0
17300000,1.2778469,372.8695652173913,0.91382974,0.026159618,4.91644257654779,4.91644257654779,0.21050732098228764,0.0816375,0.09945955,2.838153e-05,0.04012529,0.6316726,1.0
17310000,1.3019937,100.68181818181819,0.9498001,0.030629616,5.831139642069915,5.831139642069915,0.05011658237146383,0.0647817,0.090161785,2.836966e-05,0.036729533,0.645478,1.0
17320000,1.3230971,98.86363636363636,0.9160232,0.020699719,5.742545359160514,5.742545359160514,0.048589931980876085,0.07806583,0.101689026,2.835659e-05,0.04434084,0.6851309,1.0
17330000,1.2987074,113.34782608695652,0.97087926,0.02122095,5.773981078644899,5.773981078644899,0.043372550446371824,0.10663708,0.09175609,2.8343484e-05,0.042943913,0.66382915,1.0
17340000,1.3396723,201.3181818181818,0.97730714,0.016583338,5.657512261824158,5.657512261824158,0.07951560041560284,0.08094325,0.10225129,2.8331528e-05,0.044785444,0.7188444,1.0
17350000,1.2648512,160.5,1.0800586,0.023106985,6.533367301052796,6.533367301052796,0.05743008873896147,0.04820785,0.09580908,2.8319755e-05,0.03870867,0.69622856,1.0
17360000,1.2425485,451.2068965517241,0.99260384,0.04289453,4.15679928701313,4.15679928701313,0.2110072521007775,0.3629023,0.09342013,2.8306746e-05,0.042656492,0.63921714,1.0
17370000,1.2239454,95.66666666666667,0.94506437,0.041394792,5.6731875755246755,5.6731875755246755,0.030071451162387217,0.059866063,0.0932825,2.8293556e-05,0.041816298,0.60911715,1.0
17380000,1.2796408,326.3478260869565,0.9145543,0.042132884,5.5711746761825856,5.5711746761825856,0.14596686723297866,0.114374876,0.091414556,2.828071e-05,0.042965032,0.6194834,1.0
17390000,1.2742653,145.9090909090909,0.9875513,0.039827757,5.683972473779662,5.683972473779662,0.07383159614586145,0.13463743,0.092678286,2.8269087e-05,0.037245095,0.6713351,1.0
17400000,1.2321602,795.0,0.9226798,0.03918063,5.192057674088423,5.192057674088423,0.31741514456873193,0.030996269,0.092320085,2.8257215e-05,0.044227622,0.59532654,1.0
17410000,1.2482474,258.35,0.9993967,0.042265892,6.528810521621516,6.528810521621516,0.09682319033890963,0.064729854,0.08971684,2.8244127e-05,0.04077608,0.5778219,1.0
17420000,1.2880415,259.3125,0.6603333,0.0461593,5.01847608086236,5.01847608086236,0.11447644463623874,0.14312863,0.08733079,2.8231207e-05,0.04357154,0.6296427,1.0
17430000,1.220217,95.08333333333333,0.96247697,0.043775186,5.22775213510613,5.22775213510613,0.04599089846791079,0.056329064,0.08770267,2.8218254e-05,0.042807527,0.5778659,1.0
17440000,1.2223015,231.96296296296296,0.8803532,0.039572075,4.986094046949118,4.986094046949118,0.08904838026070071,0.047565345,0.09944421,2.8205186e-05,0.04266652,0.5019264,1.0
17450000,1.2192725,131.1851851851852,0.92971784,0.03934974,4.771819130483049,4.771819130483049,0.059687488807227324,0.24581677,0.09337696,2.8193477e-05,0.042693917,0.4912951,1.0
17460000,1.2434981,175.6818181818182,0.9442337,0.036262766,5.337021926552311,5.337021926552311,0.07638301598754796,0.05097457,0.093607865,2.8181725e-05,0.04512983,0.5051099,1.0
17470000,1.2459381,147.42857142857142,0.7869158,0.050602116,4.814877715976244,4.814877715976244,0.07241106535296976,0.08892885,0.09756103,2.8168677e-05,0.04867565,0.514804,1.0
17480000,1.3596697,425.4736842105263,0.56588703,0.0456524,3.5781261302356495,3.5781261302356495,0.19319549192570978,0.06636491,0.092253745,2.8155624e-05,0.046002094,0.6503436,1.0
17490000,1.3689306,86.72222222222223,1.0657003,0.04858297,8.171953789497676,8.171953789497676,0.038103639889557506,0.059567004,0.09452284,2.814371e-05,0.03850351,0.6866888,1.0
17500000,1.3586898,89.47368421052632,0.99229866,0.044512257,6.305103386240597,6.305103386240597,0.031848759623244405,0.062544964,0.09184019,2.8131963e-05,0.042834412,0.71166706,1.0
17510000,1.3383288,90.25,0.9316822,0.045806818,5.227987714926409,5.227987714926409,0.04911016197487091,0.06911011,0.093808286,2.8118931e-05,0.046323728,0.65752065,1.0
17520000,1.3403351,183.0,0.97898775,0.04688778,6.292987952139249,6.292987952139249,0.08598030248264733,0.016192012,0.09021841,2.8105806e-05,0.04462537,0.60914695,1.0
17530000,1.330783,733.56,0.90593415,0.045093942,5.096799151030751,5.096799151030751,0.29769148485851477,0.01941937,0.09150954,2.809399e-05,0.049103003,0.55949837,1.0
17540000,1.3345461,64.6842105263158,1.0305443,0.04979465,6.940903081705696,6.940903081705696,0.022383474230178092,0.12081361,0.09525244,2.8082246e-05,0.046029143,0.5954074,1.0
17550000,1.322658,1900.0,0.67603374,0.046988104,4.04367049937826,4.04367049937826,0.9563067961511585,0.09371011,0.09702189,2.8069067e-05,0.043753885,0.594671,1.0
17560000,1.3124696,68.66666666666667,0.89949334,0.049269833,6.974057100454552,6.974057100454552,0.026870050001889467,0.08404373,0.09193055,2.805601e-05,0.042914458,0.63196915,1.0
17570000,1.3035268,185.1304347826087,0.9068175,0.053419847,5.151682662887055,5.151682662887055,0.10634010493674356,0.18995431,0.093249604,2.8042934e-05,0.053468756,0.6257224,1.0
17580000,1.2690784,73.71428571428571,0.9054833,0.05262094,6.048057268063228,6.048057268063228,0.02329438391496383,0.024880437,0.09368199,2.803097e-05,0.043165408,0.584751,1.0
17590000,1.2314057,260.0,1.053601,0.049940813,5.77576959734451,5.77576959734451,0.12772423291409557,0.20456994,0.098155454,2.8019198e-05,0.042071827,0.56161964,1.0
17600000,1.2840338,295.2631578947368,1.0062782,0.052837767,7.142425463716959,7.142425463716959,0.11424088446227343,0.07989964,0.095021635,2.8006101e-05,0.051059924,0.6290508,1.0
17610000,1.2940137,124.29411764705883,0.69193524,0.05215716,4.875774250091875,4.875774250091875,0.06107693425763179,0.12154341,0.099418536,2.7992985e-05,0.047600493,0.6300447,1.0
17620000,1.206183,191.79166666666666,0.95996636,0.055161677,5.728031672753407,5.728031672753407,0.10918712072255705,0.059428565,0.09973034,2.7981285e-05,0.04649332,0.6168792,1.0
17630000,1.236912,95.47368421052632,1.044916,0.055928346,6.273120008658273,6.273120008658273,0.0399012204357668,0.17312808,0.09767985,2.7969461e-05,0.04961566,0.5618874,1.0
17640000,1.2068266,806.1904761904761,0.96532655,0.052121915,6.248739630624418,6.248739630624418,0.31400974066041054,0.122183956,0.09305824,2.7956266e-05,0.044962205,0.57705224,1.0
17650000,1.1893487,339.7741935483871,0.9465327,0.05069928,3.8517389069111325,3.8517389069111325,0.18677473711901374,0.08641303,0.09816508,2.7943233e-05,0.042873096,0.5972711,1.0
17660000,1.1936327,275.44117647058823,0.8810879,0.049786747,3.989234461008553,3.989234461008553,0.1698056522959219,0.06256408,0.09745632,2.7930228e-05,0.058339834,0.56817925,1.0
17670000,1.1635562,1015.8571428571429,0.960484,0.059830714,5.246952203370042,5.246952203370042,0.6478017275962471,0.02311011,0.09826817,2.7918655e-05,0.04807613,0.563219,1.0
17680000,1.1913097,136.14285714285714,1.0007368,0.054374002,6.134118260083986,6.134118260083986,0.061286551744810173,0.10409795,0.10010936,2.7907105e-05,0.045936342,0.5411426,1.0
17690000,1.2250923,152.46666666666667,0.95613116,0.058605105,4.247543655909009,4.247543655909009,0.11430942367005628,0.07512374,0.09511232,2.7894223e-05,0.093613565,0.61274874,1.0
17700000,1.2366728,91.3157894736842,0.96866065,0.056155045,6.550250465612211,6.550250465612211,0.03619226698126448,0.08392761,0.08361424,2.7881155e-05,0.042613763,0.62049305,1.0
17710000,1.24624,152.2,0.9089513,0.050613906,4.507022740173415,4.507022740173415,0.06660042077302933,0.15674616,0.094891876,2.78681e-05,0.04085688,0.6439089,1.0
17720000,1.3412832,70.6470588235294,0.9690441,0.04859329,7.978614474044127,7.978614474044127,0.022201336536775616,0.04698422,0.084977776,2.7856191e-05,0.045316722,0.7057952,1.0
17730000,1.3596493,89.0,1.0095531,0.044021085,6.759048497548792,6.759048497548792,0.029502694797702133,0.0034266547,0.086658955,2.784446e-05,0.038598515,0.8022221,1.0
17740000,1.2533195,191.38095238095238,0.92947847,0.041651722,5.6608407779103365,5.6608407779103365,0.07745770993867718,0.031545185,0.09235624,2.7831373e-05,0.041436523,0.6703666,1.0
17750000,1.2457087,130.76,0.7875429,0.042983957,3.654784320396233,3.654784320396233,0.05467592926492216,0.10729029,0.095895246,2.7818236e-05,0.046624433,0.60793173,1.0
17760000,1.2439139,119.88,0.8688835,0.045199353,5.2489822072534515,5.2489822072534515,0.07563483889680356,0.21579581,0.0999029,2.7806385e-05,0.044694073,0.6055403,1.0
17770000,1.3449758,145.55555555555554,0.6487686,0.04334416,4.520509252718006,4.520509252718006,0.06840645133828123,0.07218157,0.098633416,2.7794678e-05,0.043056957,0.6829046,1.0
17780000,1.3693432,156.4,1.0646279,0.044571396,7.206828887419644,7.206828887419644,0.07170678090769797,0.06488271,0.08903973,2.7781614e-05,0.03811312,0.7923689,1.0
17790000,1.356355,107.26315789473684,0.9886929,0.043151345,6.414386309729051,6.414386309729051,0.039734101694959556,0.0127700595,0.088483945,2.7768652e-05,0.041201912,0.76509833,1.0
17800000,1.3606943,121.9,0.98641104,0.04565705,6.342573791489121,6.342573791489121,0.14279369611758738,0.01939004,0.09772383,2.7755657e-05,0.11315398,0.73944247,1.0
17810000,1.3591725,424.8636363636364,1.0289071,0.0483912,5.847511862565496,5.847511862565496,0.18029912547949192,0.049589284,0.09687241,2.774396e-05,0.040983707,0.7195884,1.0
17820000,1.3568627,138.15,1.0335865,0.046123106,6.063568185571729,6.063568185571729,0.05015336821961682,0.026033748,0.095059864,2.7732302e-05,0.038233824,0.79708064,1.0
17830000,1.3227606,410.5652173913044,1.00333,0.047295425,5.249681418243971,5.249681418243971,0.1600184323577433,0.040945005,0.09654688,2.7719321e-05,0.042263642,0.72615284,1.0
17840000,1.2893,520.45,1.0482117,0.05025147,6.427491789885373,6.427491789885373,0.1469157384475693,0.07747611,0.09537707,2.7706188e-05,0.04351896,0.6706031,1.0
17850000,1.2827971,95.4,1.0652654,0.05226735,5.861116616303707,5.861116616303707,0.04111298103816807,0.09556089,0.09487694,2.769324e-05,0.04658971,0.65315807,1.0
17860000,1.3034871,230.95454545454547,1.0229398,0.053235695,5.989262345975223,5.989262345975223,0.08411773494762284,0.063912615,0.08747264,2.7681506e-05,0.0464485,0.6431678,1.0
17870000,1.2702706,147.5,1.1082056,0.055224165,6.164098731268762,6.164098731268762,0.06725282950157468,0.079104826,0.097971454,2.7669783e-05,0.04013638,0.7050055,1.0
17880000,1.3209316,111.84210526315789,1.0590365,0.051737577,6.486861810185479,6.486861810185479,0.045494099368194214,0.03261123,0.089697994,2.7656797e-05,0.04055407,0.670059,1.0
17890000,1.2850477,363.28125,0.9376543,0.051197376,3.298979085042567,3.298979085042567,0.15412448726419825,0.10136674,0.093841866,2.7643804e-05,0.041456036,0.64743644,1.0
17900000,1.3244983,226.26315789473685,0.6413824,0.051468704,3.8766122693499754,3.8766122693499754,0.09074290886775616,0.040123533,0.09791658,2.7630522e-05,0.038229126,0.7067977,1.0
17910000,1.2500614,123.125,1.1046181,0.05812235,5.925150024312264,5.925150024312264,0.06948607770088226,0.06882408,0.098656766,2.761883e-05,0.050849266,0.63323534,1.0
17920000,1.245478,127.625,1.095848,0.06446244,5.630350820239143,5.630350820239143,0.05471372840596208,0.037437934,0.09916342,2.7607268e-05,0.042086758,0.62278557,1.0
17930000,1.2631503,100.89473684210526,1.0568932,0.062381085,7.000134152262227,7.000134152262227,0.04293421815198503,0.0309326,0.09574743,2.7594415e-05,0.045617424,0.6258616,1.0
17940000,1.2996299,173.51724137931035,0.89673305,0.055176456,4.237796739263129,4.237796739263129,0.07024756871346496,0.08674578,0.098910406,2.7581322e-05,0.041616995,0.63688326,1.0
17950000,1.3676672,107.64285714285714,0.93885833,0.054899167,4.394658753247068,4.394658753247068,0.04548935990897007,0.038737014,0.09572905,2.7568418e-05,0.042435758,0.7259392,1.0
17960000,1.4055324,109.85185185185185,0.9213844,0.054176264,4.487668708547803,4.487668708547803,0.04593161325168761,0.030219972,0.09357556,2.7555463e-05,0.03869398,0.81712866,1.0
17970000,1.4236214,262.32,1.1405836,0.05473247,6.13091854253214,6.13091854253214,0.11655972480773925,0.09150017,0.09597421,2.7543727e-05,0.035499558,0.81909454,1.0
17980000,1.4523385,590.8148148148148,0.99642813,0.04950599,5.008422432370848,5.008422432370848,0.26143486586466613,0.03312555,0.08672069,2.753203e-05,0.03379362,0.90873545,1.0
17990000,1.4849516,163.91666666666666,0.9860474,0.050537713,5.171892767849056,5.171892767849056,0.07189823110061495,0.02187628,0.10235274,2.7518932e-05,0.03767719,0.97357166,1.0
18000000,1.4646578,924.3809523809524,1.122162,0.06362355,6.61886105248943,6.61886105248943,0.4357853423782878,0.018581599,0.09266757,2.7505876e-05,0.11069901,0.9996583,1.0
18010000,1.4828587,1836.0,0.92619866,0.066108525,5.182279833530433,5.182279833530433,1.0462463709880554,0.019718423,0.090519816,2.7492864e-05,0.03523152,0.97841966,1.0
18020000,1.4742099,1078.655172413793,0.92631745,0.05603986,4.362707404701243,4.362707404701243,0.4786781663444407,0.045332376,0.10012546,2.748103e-05,0.030904118,0.998017,1.0
18030000,1.4744819,145.5185185185185,1.0601866,0.05121385,5.335265780860737,5.335265780860737,0.045614377504787425,0.067560606,0.09221727,2.7469181e-05,0.031471897,0.96018994,1.0
18040000,1.5194625,1894.3666666666666,0.842851,0.045512903,4.082354062778772,4.082354062778772,0.9592146454730216,0.060493063,0.100426555,2.745614e-05,0.023960497,1.1379812,1.0
18050000,1.4963431,245.07142857142858,0.9939316,0.04466899,4.294945506729423,4.294945506729423,0.10064865374969768,0.011604661,0.09387927,2.7443206e-05,0.023847533,1.041102,1.0
18060000,1.449232,213.85714285714286,0.9506926,0.0431672,4.7590583647842495,4.7590583647842495,0.06056647338862474,0.060592815,0.09560128,2.7431433e-05,0.028130282,1.0280259,1.0
18070000,1.4155778,546.9615384615385,1.0635175,0.051172104,5.731727931376184,5.731727931376184,0.2847261931388997,0.045393925,0.10297942,2.7419746e-05,0.057030946,0.90301704,1.0
18080000,1.4154024,163.96875,0.916744,0.051194385,3.6927732130272957,3.6927732130272957,0.06146064520203254,0.13273153,0.09467675,2.7406602e-05,0.035130657,0.90339315,1.0
18090000,1.3548915,105.2,0.90900266,0.054952312,3.5709686777177425,3.5709686777177425,0.04508045638379242,0.03944088,0.090835795,2.7393256e-05,0.037258912,0.81382036,1.0
18100000,1.2617488,128.73333333333332,0.929799,0.063883424,3.578171584288928,3.578171584288928,0.06613068845084248,0.18868323,0.08835119,2.7381268e-05,0.046143964,0.6914579,1.0
18110000,1.2847576,177.75,0.9405057,0.066878885,4.671115896910228,4.671115896910228,0.08182167333351183,0.052806765,0.099091865,2.7369451e-05,0.043214332,0.6822142,1.0
18120000,1.2720187,247.48275862068965,0.98347795,0.0645221,4.761794609249575,4.761794609249575,0.10554417256057134,0.042516842,0.09334732,2.7356506e-05,0.04275732,0.65966815,1.0
18130000,1.3158894,282.4642857142857,0.8424181,0.059811972,3.8518963822525896,3.8518963822525896,0.11466445130362343,0.09646915,0.09681983,2.7343462e-05,0.037363466,0.73982656,1.0
18140000,1.3058418,148.6206896551724,0.9431143,0.06336512,3.8200028106836186,3.8200028106836186,0.06017025681164038,0.039545037,0.09771349,2.7330412e-05,0.04098078,0.679551,1.0
18150000,1.2757587,210.36111111111111,0.8093687,0.06435099,3.2962733928260883,3.2962733928260883,0.09312849332167793,0.07113834,0.09929184,2.7318645e-05,0.04171723,0.7074667,1.0
18160000,1.3106743,105.57894736842105,0.8810583,0.06583076,3.386572668098838,3.386572668098838,0.05168934307231039,0.14251658,0.097515635,2.730696e-05,0.04270521,0.67180896,1.0
18170000,1.3698004,192.27586206896552,0.8201535,0.05783483,4.474719499670646,4.474719499670646,0.08116351914747308,0.05228526,0.09218289,2.7294003e-05,0.03678637,0.75161076,1.0
18180000,1.3570642,147.56666666666666,1.0458022,0.063063115,4.499584708000177,4.499584708000177,0.06335926075310756,0.12047893,0.097284295,2.7281081e-05,0.03944586,0.77373,1.0
18190000,1.3249998,180.57575757575756,0.7244697,0.05724136,2.5435091106824474,2.5435091106824474,0.08073595414834651,0.03970463,0.09603541,2.726808e-05,0.037437372,0.7638249,1.0
18200000,1.323585,161.34615384615384,0.71094286,0.06267672,3.6469747108927786,3.6469747108927786,0.05987332532934558,0.045717448,0.09467668,2.7256356e-05,0.042176772,0.72164047,1.0
18210000,1.3153795,213.26666666666668,0.7513058,0.06506966,3.5903890006010735,3.5903890006010735,0.08915176499479761,0.072680585,0.096419215,2.7244769e-05,0.039534993,0.71650785,1.0
18220000,1.3441541,104.95238095238095,0.880561,0.0626496,5.582920046590156,5.582920046590156,0.03743501578546351,0.014020255,0.0965043,2.7231737e-05,0.038970012,0.7662218,1.0
18230000,1.3299582,111.0,0.85964847,0.056229286,5.384722303345122,5.384722303345122,0.03995817275294526,0.014266437,0.09619736,2.7218644e-05,0.03460775,0.766508,1.0
18240000,1.2737731,190.74074074074073,0.9586792,0.060471475,4.851919824180662,4.851919824180662,0.07928470551915881,0.040806133,0.0941727,2.7205495e-05,0.037529126,0.6948143,1.0
18250000,1.3002387,399.72,0.8557774,0.05562663,4.435328463663931,4.435328463663931,0.15253117356449367,0.0101921,0.101342216,2.7193852e-05,0.03951203,0.7142907,1.0
18260000,1.296874,175.4,0.99868435,0.06787546,4.958864517755589,4.958864517755589,0.06592075783759356,0.061606724,0.09849652,2.7182152e-05,0.07014779,0.76665676,1.0
18270000,1.3465203,102.31818181818181,0.9370755,0.062258787,5.695377618642024,5.695377618642024,0.09230894304875453,0.014730148,0.09813354,2.7169142e-05,0.032338776,0.8412269,1.0
18280000,1.3449869,121.33333333333333,1.0974085,0.061756182,7.194960374078435,7.194960374078435,0.0414143021362612,0.041618336,0.09089774,2.7156279e-05,0.03362131,0.873737,1.0
18290000,1.3321085,113.14814814814815,0.9085916,0.050773688,4.550155070808019,4.550155070808019,0.04349287200063743,0.018646747,0.09526066,2.714326e-05,0.03316933,0.8784111,1.0
18300000,1.3328819,182.95,0.9817733,0.053330585,6.285461095284155,6.285461095284155,0.05934356073358733,0.01638791,0.09559023,2.7130262e-05,0.03490076,0.8264085,1.0
18310000,1.2916405,205.84615384615384,1.0096829,0.047022056,5.067562328736625,5.067562328736625,0.0835695741783032,0.014664029,0.09149373,2.7118627e-05,0.033451516,0.78113896,1.0
18320000,1.2453281,272.2916666666667,1.0049361,0.053464327,5.136999615979004,5.136999615979004,0.10962667836368685,0.14278674,0.099261634,2.7106973e-05,0.040526584,0.7016312,1.0
18330000,1.2405267,170.1,1.0010376,0.060760055,6.310940918604741,6.310940918604741,0.06780088803134277,0.016280489,0.0945978,2.709393e-05,0.047921065,0.66062784,1.0
18340000,1.1935835,207.95238095238096,0.98625404,0.065538414,5.608269038613986,5.608269038613986,0.0997551509284503,0.025775218,0.09302571,2.7080978e-05,0.04598277,0.63071907,1.0
18350000,1.1775472,271.0,1.0054191,0.070309974,5.65031971258275,5.65031971258275,0.110287234839343,0.10112102,0.09872143,2.706912e-05,0.046885148,0.54650486,1.0
18360000,1.1971867,2298.6363636363635,0.9579806,0.07216969,5.097012409673206,5.097012409673206,1.1680579232369466,0.025519177,0.10032811,2.7057313e-05,0.048773844,0.5650208,1.0
18370000,1.1645821,471.8076923076923,0.6557476,0.07419301,2.783532190059677,2.783532190059677,0.20593731146744595,0.1079977,0.098438606,2.7044294e-05,0.048948895,0.5353384,1.0
18380000,1.1841024,135.8125,0.6821074,0.07687823,5.009125197830144,5.009125197830144,0.0715190751652699,0.14566004,0.09410968,2.7031341e-05,0.049686115,0.559512,1.0
18390000,1.1696757,114.6842105263158,0.87846774,0.07571071,6.349857501293483,6.349857501293483,0.06211033299271213,0.17643245,0.09997069,2.7018332e-05,0.051108886,0.5654063,1.0
18400000,1.1534383,321.95652173913044,0.98506504,0.074332885,5.811644721435531,5.811644721435531,0.14016903634866218,0.08095989,0.09889849,2.7005299e-05,0.047190502,0.55735844,1.0
18410000,1.1346455,272.5416666666667,1.017426,0.07742655,5.077164980631397,5.077164980631397,0.1275532281336685,0.02167982,0.09058989,2.6993655e-05,0.048025347,0.51178193,1.0
18420000,1.1104988,303.1666666666667,0.74242246,0.07227172,5.617541695051271,5.617541695051271,0.14642025675210688,0.062230624,0.09600389,2.698188e-05,0.04610863,0.5235615,1.0
18430000,1.0787541,108.95454545454545,1.0859374,0.068058416,6.5884969168319225,6.5884969168319225,0.04413205058186908,0.07610834,0.09448348,2.6968653e-05,0.04662003,0.5200783,1.0
18440000,1.0514075,382.7,1.0670416,0.05997139,5.098361074091692,5.098361074091692,0.21835813299624313,0.1930506,0.09905265,2.6955615e-05,0.046714712,0.45517415,1.0
18450000,1.0967948,97.66666666666667,1.0210046,0.061065115,4.410378781247085,4.410378781247085,0.039888586566251306,0.10729658,0.09890612,2.6943828e-05,0.048577387,0.4962711,1.0
18460000,1.1051887,239.44444444444446,0.96951616,0.062152572,4.308128008654914,4.308128008654914,0.10079889587682879,0.031286485,0.091664456,2.6931983e-05,0.04469382,0.51479197,1.0
18470000,1.0850774,118.57142857142857,0.9949412,0.06580776,3.6425590346060575,3.6425590346060575,0.05031787608417549,0.05506869,0.09472331,2.6918966e-05,0.044447728,0.47765326,1.0
18480000,1.1195698,133.76,0.84573096,0.06451986,4.786522164861128,4.786522164861128,0.054812636227579786,0.11118617,0.09401029,2.6905767e-05,0.047660116,0.5270574,1.0
18490000,1.1148452,121.56,0.91566384,0.06851106,4.468221281000146,4.468221281000146,0.05357848021922109,0.0667223,0.10087573,2.6893895e-05,0.04701771,0.5387,1.0
18500000,1.0876939,110.52173913043478,1.1206747,0.07334183,6.538408927072811,6.538408927072811,0.04682619367351593,0.099326506,0.10184032,2.6882237e-05,0.048034474,0.5451652,1.0
18510000,1.0660571,221.52380952380952,0.93187124,0.06644068,6.5271461965748605,6.5271461965748605,0.08943452211055306,0.08771161,0.09355863,2.686914e-05,0.043262154,0.51974624,1.0
18520000,1.0984534,327.14814814814815,1.0825316,0.06822071,5.52355918813352,5.52355918813352,0.1645653618198358,0.061879538,0.0916825,2.6856005e-05,0.04303252,0.5273708,1.0
18530000,1.077771,205.0909090909091,1.0054246,0.06582446,4.561784354810076,4.561784354810076,0.11856430181592259,0.20651524,0.09622017,2.6842943e-05,0.047472637,0.5327762,1.0
18540000,1.1049768,78.30434782608695,1.1665405,0.07113478,6.3511087248722715,6.3511087248722715,0.03821927650521199,0.07403633,0.09505837,2.6831143e-05,0.048471253,0.5263644,1.0
18550000,1.0920808,113.64285714285714,1.1069213,0.06589365,4.832998709176634,4.832998709176634,0.05103159204424758,0.07093911,0.09611926,2.6819427e-05,0.04219267,0.5581677,1.0
18560000,1.0484427,175.85714285714286,1.0868832,0.06660657,6.983003260820104,6.983003260820104,0.07551768653848696,0.07706647,0.09661326,2.680645e-05,0.046807043,0.52405417,1.0
18570000,0.94978184,201.19230769230768,1.064824,0.067611575,4.522749228889292,4.522749228889292,0.09003090822751311,0.34178457,0.09582232,2.6793545e-05,0.045938723,0.42938852,1.0
18580000,0.95329493,85.14285714285714,1.0478404,0.07147024,6.274191838165972,6.274191838165972,0.03979448695844483,0.09642525,0.09109457,2.678062e-05,0.049320623,0.40825862,1.0
18590000,0.928828,2467.0,0.9986387,0.07148516,6.201608899487282,6.201608899487282,1.0588272071847888,0.07523995,0.089871965,2.6768936e-05,0.046304725,0.39518172,1.0
18600000,0.88182694,263.55,1.0269372,0.078203306,6.547115766428249,6.547115766428249,0.12257967407349497,0.13922282,0.093094155,2.6757192e-05,0.053099282,0.3670588,1.0
18610000,0.8814028,134.04347826086956,0.95264757,0.07531784,5.466028969365415,5.466028969365415,0.08036134272033055,0.062345006,0.09468085,2.6744252e-05,0.047362663,0.36577183,1.0
18620000,0.94994026,238.94736842105263,0.8393967,0.07465631,5.557182284172576,5.557182284172576,0.11403246792523485,0.13999729,0.09823365,2.6731208e-05,0.045418207,0.39111066,1.0
18630000,0.93257457,200.67741935483872,0.76893264,0.07431445,2.95640885373007,2.95640885373007,0.11350334407160839,0.10793252,0.09698999,2.671828e-05,0.04973496,0.4114775,1.0
18640000,0.94144624,162.8,0.902919,0.077752516,6.371240139735164,6.371240139735164,0.06619961621472611,0.0720064,0.095573775,2.6705387e-05,0.04587675,0.38742214,1.0
18650000,0.94331,112.16666666666667,0.9643802,0.075048,4.6010816653821776,4.6010816653821776,0.0485981277617005,0.05278536,0.09238047,2.6693633e-05,0.043449,0.39620376,1.0
18660000,0.96507645,144.56,0.94878167,0.07397301,4.955280005829029,4.955280005829029,0.06448305934667588,0.036375415,0.09571268,2.6681872e-05,0.046393007,0.39206588,1.0
18670000,0.9734775,275.8,0.9406673,0.073623516,4.78162038535179,4.78162038535179,0.13881975031816296,0.0337426,0.09251697,2.6668888e-05,0.042005196,0.4295319,1.0
18680000,0.9615904,99.63157894736842,1.045449,0.07476452,6.542252908740193,6.542252908740193,0.035287871561013165,0.08173246,0.09825546,2.6655729e-05,0.043829717,0.43017212,1.0
18690000,1.0017438,474.09375,0.8236015,0.07487238,3.3438864725526245,3.3438864725526245,0.2148596942643053,0.059579752,0.09556366,2.664383e-05,0.1337075,0.39898247,1.0
18700000,1.0443099,114.5,0.8718897,0.07986604,4.38192683217031,4.38192683217031,0.05785043988461522,0.055484015,0.09829471,2.663209e-05,0.045077275,0.43529254,1.0
18710000,1.0408363,153.12,0.8156094,0.07621026,4.497453606474428,4.497453606474428,0.14984935426735319,0.18921861,0.100669466,2.6619135e-05,0.041962665,0.45090562,1.0
18720000,1.0559587,177.33333333333334,1.0565709,0.07359908,5.550919549182258,5.550919549182258,0.09457912083598785,0.07850083,0.09339039,2.6606043e-05,0.045472343,0.4647011,1.0
18730000,1.0589774,89.38095238095238,0.9192466,0.0700274,5.447564716029557,5.447564716029557,0.03029955009419826,0.13867572,0.09553722,2.6593116e-05,0.041987747,0.4561406,1.0
18740000,1.0646102,132.8125,0.9067464,0.06459933,4.2774910218997775,4.2774910218997775,0.06664270476563416,0.09577787,0.0977704,2.6581512e-05,0.04370235,0.51250875,1.0
18750000,1.0977916,94.0,1.0407469,0.06919762,6.470742184864847,6.470742184864847,0.04356162125048669,0.10322789,0.093044385,2.6569794e-05,0.04321424,0.48081264,1.0
18760000,1.0779291,68.4090909090909,1.1821326,0.07489523,7.69376759772951,7.69376759772951,0.022332010060464116,0.06761775,0.09304102,2.655673e-05,0.043604653,0.50087476,1.0
18770000,1.0435271,133.19230769230768,0.9323654,0.071571246,4.3286122704420045,4.3286122704420045,0.06136162697713679,0.03571691,0.09353661,2.6543737e-05,0.045651566,0.45633984,1.0
18780000,1.0090057,81.53571428571429,1.0914842,0.07651062,4.883275328135049,4.883275328135049,0.0340094292575183,0.15944998,0.09798721,2.6530697e-05,0.048400726,0.43244854,1.0
18790000,0.9761551,79.0,0.9001176,0.07625717,6.268912807986554,6.268912807986554,0.032184813029339746,0.10003288,0.09769686,2.6517786e-05,0.044678904,0.41791,1.0
18800000,1.0134385,146.72222222222223,0.8349039,0.07580627,5.63702245635472,5.63702245635472,0.0690641903008024,0.0519539,0.098382175,2.6505959e-05,0.047878176,0.42740014,1.0
18810000,1.0222572,350.2,0.7167802,0.07695737,4.518224835587352,4.518224835587352,0.15455258782021702,0.04439837,0.092654295,2.6494145e-05,0.045595907,0.43418598,1.0
18820000,0.9856905,100.21739130434783,0.8909239,0.07696264,5.01208611425351,5.01208611425351,0.033414428143508056,0.03917923,0.099245176,2.6481157e-05,0.04611803,0.43083668,1.0
18830000,0.9745757,259.0,1.0086513,0.079654224,5.961379012314021,5.961379012314021,0.13990646634126527,0.0420692,0.09921564,2.646827e-05,0.04582169,0.41137272,1.0
18840000,0.9599278,927.304347826087,0.6922469,0.0744061,3.839259036034179,3.839259036034179,0.08607871150888968,0.13127218,0.09953154,2.6455431e-05,0.04554031,0.41717872,1.0
18850000,0.9377888,98.23809523809524,0.78252536,0.06813729,4.139959254148281,4.139959254148281,0.37458346225850453,0.050745163,0.09355661,2.6443715e-05,0.04492312,0.3674073,1.0
18860000,0.892327,121.15384615384616,0.9211908,0.07508071,4.765906149650302,4.765906149650302,0.04520913766016467,0.022542244,0.091703996,2.6432133e-05,0.04610076,0.37574598,1.0
18870000,0.90797925,682.1818181818181,1.0007806,0.07882347,6.029892999583271,6.029892999583271,0.2923601395873861,0.063978754,0.093326285,2.6419197e-05,0.046075214,0.35155505,1.0
18880000,0.9724086,349.05555555555554,0.8938801,0.07715723,6.613815302573626,6.613815302573626,0.15355439742820132,0.019072365,0.09579951,2.6406176e-05,0.042007416,0.4056088,1.0
18890000,0.97984123,75.6470588235294,1.0111611,0.07815352,7.696966113413081,7.696966113413081,0.018731344573418882,0.033469666,0.0946894,2.6393227e-05,0.041314766,0.39469358,1.0
18900000,0.9785628,147.6315789473684,0.9932887,0.07789652,6.768344662356554,6.768344662356554,0.0586513060843572,0.004756646,0.08745095,2.6381538e-05,0.046102967,0.42173666,1.0
18910000,1.0458939,1011.8636363636364,1.1496952,0.08259557,6.50176431322555,6.50176431322555,0.4627875273350662,0.037618987,0.093035564,2.6369817e-05,0.04229274,0.43948707,1.0
18920000,1.0627626,191.68,0.9281103,0.07906822,4.842133325949107,4.842133325949107,0.08473087277670857,0.32347602,0.09786649,2.6356613e-05,0.042595077,0.4273695,1.0
18930000,1.1702605,513.25,1.0250002,0.084792785,7.136008582050245,7.136008582050245,0.21946870821993797,0.049450032,0.089951254,2.634356e-05,0.043175142,0.5412357,1.0
18940000,1.181354,491.6666666666667,0.9257023,0.07821489,4.3884784465839175,4.3884784465839175,0.2144711678684635,0.041607838,0.09150732,2.6330576e-05,0.04030825,0.56227624,1.0
18950000,1.2008148,194.16,0.89970773,0.07591809,4.769971508974086,4.769971508974086,0.09325276559218765,0.0069464245,0.09246913,2.631879e-05,0.044546977,0.5766064,1.0
18960000,1.2102736,499.2173913043478,1.0888482,0.08614638,6.85864581156002,6.85864581156002,0.2252809678341731,0.061959516,0.0950724,2.6306958e-05,0.044982303,0.589622,1.0
18970000,1.2443124,118.63636363636364,1.1014131,0.07929232,6.48049446803316,6.48049446803316,0.047362393233925104,0.054552652,0.09442291,2.6293947e-05,0.041387554,0.59989476,1.0
18980000,1.2111645,191.1304347826087,1.1205637,0.07718785,6.3485202196479396,6.3485202196479396,0.09264724363279327,0.04826198,0.097637475,2.6280966e-05,0.041722298,0.63187015,1.0
18990000,1.2014887,136.03703703703704,0.9821154,0.079112306,4.40472621747134,4.40472621747134,0.05942851025611162,0.12600026,0.09688149,2.6267957e-05,0.043251313,0.5731028,1.0
19000000,1.1853695,94.0,1.044146,0.083722815,5.5282548630421156,5.5282548630421156,0.030735571193002652,0.041769844,0.096176855,2.6256146e-05,0.043188028,0.5559232,1.0
19010000,1.161898,100.35,1.1544921,0.0859518,7.329516067460645,7.329516067460645,0.032673092716140675,0.041931316,0.09178499,2.6244437e-05,0.04188577,0.55218005,1.0
19020000,1.1655358,135.92,0.94922936,0.08210534,4.946425518182321,4.946425518182321,0.06153460664052545,0.064130165,0.09339232,2.6231442e-05,0.046635073,0.54217273,1.0
19030000,1.1739062,155.0,1.0709437,0.09849512,6.902485923871615,6.902485923871615,0.06969894037434929,0.08549172,0.09004585,2.621816e-05,0.04115174,0.5447964,1.0
19040000,1.1324474,449.6111111111111,0.8991085,0.098848894,6.445857166432521,6.445857166432521,0.21263105208183536,0.051374603,0.09592712,2.6206439e-05,0.04452674,0.52400506,1.0
19050000,1.1171,126.26315789473684,0.8342299,0.100733235,5.404388786604007,5.404388786604007,0.061144347431966,0.11350857,0.0966232,2.6194766e-05,0.07108046,0.4806831,1.0
19060000,1.1027782,121.19047619047619,1.0196736,0.10137713,5.760120946928374,5.760120946928374,0.05581271205102729,0.0950586,0.10117036,2.6181748e-05,0.045293532,0.4957107,1.0
19070000,1.1324505,2973.1363636363635,1.0074353,0.10233759,5.502119022794871,5.502119022794871,1.403355222387497,0.0862508,0.10025831,2.6168796e-05,0.042315118,0.50057286,1.0
19080000,1.1665039,146.8,0.8324918,0.09251905,4.9741610499795454,4.9741610499795454,0.11576573668498895,0.05464796,0.10216002,2.6155783e-05,0.041183446,0.57512224,1.0
19090000,1.1609596,185.58823529411765,0.99096197,0.11269686,7.073355894485597,7.073355894485597,0.08563010228852577,0.12791646,0.09434586,2.6143676e-05,0.11510148,0.53765506,1.0
19100000,1.1675508,202.8,0.6957116,0.10336324,4.090042456749484,4.090042456749484,0.3960947799729183,0.101394154,0.0998037,2.6131756e-05,0.07989355,0.5577221,1.0
19110000,1.1542263,133.1,1.0568068,0.12761247,6.642947423410203,6.642947423410203,0.05161463622935116,0.09477438,0.09437679,2.6118727e-05,0.106297016,0.53812927,1.0
19120000,1.1184368,125.21052631578948,0.96288085,0.11665264,6.768542306240258,6.768542306240258,0.05094052406983744,0.101717986,0.10135831,2.6105883e-05,0.04193397,0.52572477,1.0
19130000,1.1324078,133.66666666666666,0.99312633,0.1127427,6.715904724803598,6.715904724803598,0.15334604046721426,0.055867177,0.10112308,2.6092883e-05,0.0409041,0.5141227,1.0
19140000,1.1059085,123.36363636363636,1.00846,0.11279932,5.844981898190173,5.844981898190173,0.04418768565466797,0.14727657,0.09732308,2.6081329e-05,0.04348442,0.49817717,1.0
19150000,1.0317615,128.55,1.1010817,0.1125483,6.330857458529624,6.330857458529624,0.1170007856329903,0.03389712,0.09798098,2.6069616e-05,0.0551923,0.4778089,1.0
19160000,1.0488784,136.8421052631579,1.0639024,0.11216916,6.927256721635373,6.927256721635373,0.04569003797185264,0.04625693,0.09107025,2.6056607e-05,0.042206027,0.44234762,1.0
19170000,1.0701803,80.35,0.9428402,0.10402369,5.891600375343114,5.891600375343114,0.02730142216896638,0.0021787318,0.09094392,2.6043645e-05,0.041069068,0.45061952,1.0
19180000,1.0735934,113.55,1.0265541,0.10811256,5.527037988693337,5.527037988693337,0.3342063427087851,0.0278418,0.098233886,2.6030637e-05,0.08557347,0.48464274,1.0
19190000,1.0888052,307.09090909090907,1.0727572,0.12545526,5.641160160143726,5.641160160143726,0.19352009835314343,0.024483167,0.09284959,2.601899e-05,0.052855823,0.46692425,1.0
19200000,1.0947719,141.2,0.9659272,0.11671643,5.349311228943255,5.349311228943255,0.05300195066956803,0.02853116,0.08982973,2.6007256e-05,0.040092323,0.5237512,1.0
19210000,1.0819619,181.28,0.96862847,0.11573223,5.139035212403188,5.139035212403188,0.06605899216643032,0.031778432,0.098051436,2.5994255e-05,0.041276537,0.4530185,1.0
19220000,1.0574056,98.26315789473684,0.8906448,0.112458356,5.667583446753652,5.667583446753652,0.03550453882014967,0.24261478,0.0963628,2.5981219e-05,0.10363181,0.48893675,1.0
19230000,1.036606,87.55,1.1555538,0.13135812,7.746653784066439,7.746653784066439,0.03571935334475711,0.037654225,0.10050324,2.5968175e-05,0.042468287,0.44842118,1.0
19240000,1.042016,99.6086956521739,0.86479735,0.109118946,5.004057192211886,5.004057192211886,0.0381012567747596,0.18135999,0.09400263,2.5956399e-05,0.045771092,0.46051508,1.0
19250000,1.0544844,67.6470588235294,1.0357912,0.11148113,7.736467894580629,7.736467894580629,0.016279372774685424,0.03590996,0.09484331,2.5944575e-05,0.04151448,0.44022495,1.0
19260000,1.1014041,88.0,1.0918055,0.119990356,6.534007556802992,6.534007556802992,0.022932955174751225,0.17993128,0.09846871,2.5931557e-05,0.037523277,0.47155198,1.0
19270000,1.1331285,425.88235294117646,0.9339686,0.10570114,6.981034412846371,6.981034412846371,0.25684329572900694,0.108817995,0.10032519,2.5918594e-05,0.03964628,0.5588925,1.0
19280000,1.1413188,80.6842105263158,0.9629171,0.10679759,6.342935649187941,6.342935649187941,0.023771378959185983,0.1095052,0.095462404,2.5905592e-05,0.040180016,0.5708748,1.0
19290000,1.1667889,880.5,0.989565,0.11199704,5.65357704832542,5.65357704832542,0.39384922597938304,0.045026954,0.09263018,2.5893867e-05,0.03837283,0.526333,1.0
19300000,1.1947683,89.04347826086956,0.9892688,0.111679904,5.973645030156426,5.973645030156426,0.04334239426838315,0.037513338,0.09195342,2.588209e-05,0.038305677,0.64038324,1.0
19310000,1.1845123,74.04347826086956,0.994873,0.1097134,5.209486569966311,5.209486569966311,0.02444682365445339,0.11458303,0.09132379,2.586908e-05,0.038440865,0.6107274,1.0
19320000,1.1210525,123.15789473684211,0.96145254,0.11031448,6.733648154057415,6.733648154057415,0.04734478578412611,0.029006043,0.10116382,2.585607e-05,0.039461717,0.5719003,1.0
19330000,1.0147189,222.57894736842104,0.99499106,0.11079305,6.820023924844068,6.820023924844068,0.08990959028290633,0.09134629,0.09630412,2.5842926e-05,0.045053966,0.46388307,1.0
19340000,1.0658368,96.42857142857143,0.99932474,0.11077321,5.880702713066491,5.880702713066491,0.031127490264008798,0.025121018,0.09095473,2.5831094e-05,0.040731758,0.453798,1.0
19350000,1.0412802,108.36842105263158,0.9907235,0.10643624,6.9839655223982655,6.9839655223982655,0.03630575672478268,0.042960603,0.09809123,2.5819467e-05,0.041766286,0.47464412,1.0
19360000,1.0487795,72.36842105263158,0.98034537,0.0978641,6.543323898001721,6.543323898001721,0.023128064839463485,0.073844336,0.0951063,2.580657e-05,0.040589273,0.4555787,1.0
19370000,1.0515505,207.61111111111111,1.0396315,0.09449407,7.447885444638138,7.447885444638138,0.07350157602276239,0.017866338,0.08510373,2.5793572e-05,0.040530406,0.48343164,1.0
19380000,1.0584404,151.38095238095238,1.0730631,0.09660176,6.122091182464514,6.122091182464514,0.06493902319510068,0.065926805,0.09622376,2.5780668e-05,0.041028824,0.4764812,1.0
19390000,1.1062157,64.625,0.9771321,0.090520926,7.782844558358192,7.782844558358192,0.015230335091473535,0.006899666,0.08243455,2.5768848e-05,0.03819026,0.4865901,1.0
19400000,1.1559763,144.27777777777777,0.9699406,0.08924696,6.929787372263592,6.929787372263592,0.0651905501080263,0.010273358,0.088604316,2.57571e-05,0.0406565,0.53425,1.0
19410000,1.1158081,146.79166666666666,0.99301285,0.08489468,5.22365164168112,5.22365164168112,0.053990765489288606,0.059723306,0.09909685,2.5744066e-05,0.03941118,0.57134885,1.0
19420000,1.0666566,91.8,1.0338271,0.0898974,6.643774411276899,6.643774411276899,0.02954134059837088,0.058978476,0.09757975,2.5731153e-05,0.04271571,0.50239,1.0
19430000,1.1017482,82.45,1.0671097,0.09847836,6.7205599883571265,6.7205599883571265,0.046678224788047375,0.11143055,0.09063096,2.5718226e-05,0.04649491,0.48711914,1.0
19440000,1.0925905,211.95,1.0224869,0.104808636,5.510681672223018,5.510681672223018,0.2598420901565987,0.10990808,0.09894227,2.5705254e-05,0.0628922,0.5371664,1.0
19450000,1.0750363,410.8421052631579,0.97475994,0.10865199,6.5738130844543345,6.5738130844543345,0.17272976222202965,0.05964613,0.0954305,2.5693742e-05,0.041004986,0.500461,1.0
19460000,1.0355419,1886.076923076923,0.9993875,0.114216514,5.07081071309343,5.07081071309343,0.7973695675967835,0.063543856,0.10038713,2.5681904e-05,0.04224833,0.46386465,1.0
19470000,0.938216,65.16666666666667,0.97484154,0.11619856,7.073884030475336,7.073884030475336,0.024219206534326077,0.07151072,0.09512957,2.5668862e-05,0.053274162,0.42813867,1.0
19480000,0.9144725,139.0,1.0024791,0.1266227,5.264409614922479,5.264409614922479,0.048774260664358735,0.02078994,0.092110716,2.5655823e-05,0.042299487,0.36631316,1.0
19490000,0.87587327,63.529411764705884,1.0153477,0.11990958,7.757640868425369,7.757640868425369,0.011159691699397038,0.005878276,0.089805365,2.5642856e-05,0.03937898,0.37408978,1.0
19500000,0.9410323,166.91666666666666,0.9369273,0.10936456,5.048166024247014,5.048166024247014,0.06257951938944946,0.02896363,0.09076633,2.5631267e-05,0.042268675,0.36515543,1.0
19510000,0.99646425,84.3157894736842,0.95510566,0.10572709,7.291423880382151,7.291423880382151,0.02667535315009041,0.036633786,0.096965134,2.5619545e-05,0.040266756,0.42480746,1.0
19520000,1.0322876,169.95833333333334,1.0012814,0.08969346,5.042893046750364,5.042893046750364,0.13596664278768003,0.119812034,0.10237914,2.5606761e-05,0.040127452,0.42738828,1.0
19530000,1.1333818,126.88461538461539,0.8825265,0.08777381,4.562079956309358,4.562079956309358,0.04414225346728926,0.023913512,0.09187817,2.5593774e-05,0.039818984,0.5429908,1.0
19540000,1.2104168,90.66666666666667,1.0280199,0.09877623,7.192508789367582,7.192508789367582,0.024554443717198938,0.039442144,0.09169602,2.5580808e-05,0.03768668,0.58370686,1.0
19550000,1.2639382,78.38888888888889,0.9224155,0.09121627,6.72362617637469,6.72362617637469,0.02493676221381654,0.05434538,0.09723483,2.5567842e-05,0.033099156,0.68608487,1.0
19560000,1.2173547,111.95454545454545,1.1692091,0.107822925,6.758262958557917,6.758262958557917,0.04755462820558814,0.077663146,0.09218374,2.5556092e-05,0.038028166,0.64183944,1.0
19570000,1.198986,192.5,1.0045291,0.10002508,5.671773598146341,5.671773598146341,0.06610091949975565,0.06800531,0.0960968,2.5544223e-05,0.038061097,0.6235667,1.0
19580000,1.115609,81.91304347826087,0.9371863,0.102775574,4.9497054340317845,4.9497054340317845,0.03465192720455968,0.011916181,0.09118169,2.5531073e-05,0.04076843,0.57464343,1.0
19590000,1.1326277,67.0,0.98701453,0.106523514,6.705544585362077,6.705544585362077,0.01566533738805447,0.01674911,0.09083786,2.551803e-05,0.038238518,0.52905923,1.0
19600000,1.1675066,134.85,0.9638276,0.10893881,6.180548202397949,6.180548202397949,0.0440022568393033,0.050030474,0.09341228,2.5506379e-05,0.039865017,0.55930275,1.0
19610000,1.1892798,166.95,1.0236349,0.11674721,6.7929705878716735,6.7929705878716735,0.06684469390893355,0.13386193,0.08645718,2.5494664e-05,0.046030127,0.6210816,1.0
19620000,1.148495,1043.6363636363637,0.9110909,0.11527618,5.376642509068547,5.376642509068547,0.4801915348917563,0.017670134,0.08969469,2.5481548e-05,0.038699497,0.57425326,1.0
19630000,1.1351863,77.52631578947368,0.986769,0.12043087,6.798977281310056,6.798977281310056,0.024813296375309858,0.07500295,0.090301715,2.546852e-05,0.04345739,0.5435861,1.0
19640000,1.1521325,110.23809523809524,0.9854316,0.119616285,5.895769308228945,5.895769308228945,0.060216471824484565,0.027186338,0.090567835,2.5455613e-05,0.042622942,0.5519575,1.0
19650000,1.1209338,174.45454545454547,1.047606,0.12611179,6.395903605848308,6.395903605848308,0.06886060078839018,0.05126657,0.09427097,2.5442845e-05,0.040011175,0.5442208,1.0
19660000,1.1177802,107.45833333333333,0.9959412,0.119224966,5.037590585913276,5.037590585913276,0.038061982369981706,0.04886471,0.09565776,2.5431098e-05,0.037845727,0.53905034,1.0
19670000,1.1001325,75.47058823529412,0.97670645,0.11755054,7.1125274835263985,7.1125274835263985,0.028251958107027936,0.11503506,0.09740358,2.541937e-05,0.040996112,0.51826566,1.0
19680000,1.0732827,148.54166666666666,1.0171529,0.1216445,5.727509301380603,5.727509301380603,0.054375059330292665,0.09567113,0.098841734,2.540631e-05,0.040443942,0.4915293,1.0
19690000,1.0698957,85.83333333333333,0.9098714,0.11646863,6.931741597544816,6.931741597544816,0.02697845213373916,0.023777973,0.08948628,2.5393249e-05,0.03924979,0.49766287,1.0
19700000,0.9360376,93.47368421052632,0.9326711,0.10614718,6.125872393657158,6.125872393657158,0.023113330409518983,0.017661413,0.09154396,2.5381507e-05,0.04414058,0.4068385,1.0
19710000,0.9034684,89.57142857142857,0.9671945,0.10682987,6.231623122699646,6.231623122699646,0.03735246554216636,0.016863352,0.095907554,2.5369689e-05,0.043159485,0.39894426,1.0
19720000,0.89411604,88.36842105263158,0.96312946,0.103656165,6.8730884206505785,6.8730884206505785,0.024531518035617313,0.014021317,0.095910475,2.5356474e-05,0.041088797,0.38431263,1.0
19730000,0.9938079,159.11111111111111,1.0202037,0.09798363,8.179535785505937,8.179535785505937,0.07660360023488894,0.039413057,0.09799464,2.5343319e-05,0.03760027,0.41117534,1.0
19740000,1.0764848,127.9047619047619,1.1135566,0.09882137,6.838140829731422,6.838140829731422,0.03554676598148598,0.034966044,0.09683472,2.5330348e-05,0.036835734,0.51079136,1.0
19750000,1.1283848,134.13636363636363,1.0452508,0.09499722,5.698112004385882,5.698112004385882,0.06795635381106126,0.052064136,0.09628019,2.5318746e-05,0.04112257,0.5326849,1.0
19760000,1.1863173,93.45454545454545,0.9358102,0.08582564,5.923121386710591,5.923121386710591,0.02889536068224433,0.055083375,0.09425961,2.530713e-05,0.038009893,0.57875,1.0
19770000,1.1633143,88.54545454545455,0.95265555,0.096171826,5.707823332576525,5.707823332576525,0.25669166906958535,0.011592293,0.09364887,2.5294203e-05,0.23563533,0.6075766,1.0
19780000,1.167516,75.85,1.1579912,0.09993031,7.9167013493720315,7.9167013493720315,0.025251517449283882,0.085692264,0.09879316,2.5281386e-05,0.03945013,0.5735156,1.0
19790000,1.1713939,106.57142857142857,1.0082327,0.0938829,5.912785071436138,5.912785071436138,0.036481092911257985,0.02432369,0.09427543,2.5268533e-05,0.036094945,0.58134305,1.0
19800000,1.2040217,89.0,1.1428227,0.094257325,7.677405717786809,7.677405717786809,0.0300652364722306,0.07920928,0.100496806,2.5255566e-05,0.038578343,0.6187076,1.0
19810000,1.1178664,72.36842105263158,1.0688896,0.09680652,7.111669254930396,7.111669254930396,0.020262682197713537,0.03432261,0.08933852,2.5243773e-05,0.03894692,0.59082764,1.0
19820000,1.0454606,65.0,0.9998604,0.10624549,7.694116769358516,7.694116769358516,0.014360478991875425,0.00665028,0.09309678,2.5232168e-05,0.040061273,0.4781611,1.0
19830000,1.0439267,996.75,1.034973,0.10707823,5.916184228849734,5.916184228849734,0.39410967509805533,0.082100645,0.09453005,2.5219173e-05,0.042592634,0.4678688,1.0
19840000,1.0485389,72.1,1.0269295,0.10707815,6.3128778707236055,6.3128778707236055,0.019420776853803546,0.059403718,0.09447517,2.5205973e-05,0.039210137,0.46507916,1.0
19850000,1.1125566,82.26315789473684,1.0174193,0.09962203,6.304883435760674,6.304883435760674,0.023649918883548754,0.04938126,0.10339502,2.5192969e-05,0.039865173,0.5334597,1.0
19860000,1.1298181,105.45454545454545,1.0350909,0.0954852,6.605579695262233,6.605579695262233,0.028290337544273247,0.046781976,0.09641401,2.5181222e-05,0.035193928,0.5364369,1.0
19870000,1.0885551,80.21052631578948,1.1199995,0.09759291,7.76831053275811,7.76831053275811,0.032109889704243916,0.1039501,0.09660524,2.516942e-05,0.038710095,0.5147096,1.0
19880000,1.0442637,153.3,1.108514,0.095852375,7.4005827282282555,7.4005827282282555,0.1321876238216646,0.10592423,0.0947362,2.5156298e-05,0.10775801,0.50001025,1.0
19890000,1.0337461,92.91666666666667,1.0843066,0.1036256,5.307187682337826,5.307187682337826,0.03260672947120232,0.07720146,0.10149209,2.514313e-05,0.04388761,0.47292703,1.0
19900000,1.0482703,98.04761904761905,1.0641354,0.1127552,6.355519142888841,6.355519142888841,0.0484658512231406,0.10067785,0.098209545,2.5131452e-05,0.043443076,0.45119643,1.0
19910000,1.0251292,64.6875,1.0394951,0.109744765,7.749130308628082,7.749130308628082,0.023832430655602366,0.11148373,0.0988606,2.5119763e-05,0.04508196,0.47556096,1.0
19920000,1.0389993,98.83333333333333,0.98913664,0.1066386,6.843579158652574,6.843579158652574,0.02542521504478322,0.021857683,0.0936459,2.5106763e-05,0.039373346,0.4722044,1.0
19930000,1.06183,87.0,1.1200815,0.11255703,7.2073722105604245,7.2073722105604245,0.03503978485241532,0.09818472,0.09794363,2.5093756e-05,0.040194567,0.49914828,1.0
19940000,1.0923437,79.05,1.046951,0.11262818,6.294334748387337,6.294334748387337,0.028767929002060554,0.14001206,0.09766759,2.5080775e-05,0.0376227,0.51944166,1.0
19950000,1.0474665,78.19047619047619,1.0295775,0.111356735,5.943861391572725,5.943861391572725,0.020880069406259628,0.06560739,0.09092908,2.5068919e-05,0.039277334,0.5133628,1.0
19960000,1.1017805,156.57142857142858,0.9223046,0.11162547,5.9228495983757155,5.9228495983757155,0.06153254478704184,0.053443335,0.09431369,2.5057263e-05,0.03606346,0.53051466,1.0
19970000,1.0781174,83.89473684210526,0.95042634,0.115296334,6.711298380370459,6.711298380370459,0.021830793156469654,0.019881245,0.09829761,2.5044277e-05,0.03624813,0.51360714,1.0
19980000,1.1079347,104.94736842105263,1.0350895,0.11708267,7.138056317202619,7.138056317202619,0.032384667251455154,0.113476895,0.09666124,2.5031233e-05,0.037141297,0.5438856,1.0
19990000,1.1052228,71.16666666666667,1.091055,0.112170935,7.686161417710154,7.686161417710154,0.026532260774585762,0.11122392,0.10108198,2.501811e-05,0.0390596,0.5245865,1.0
20000000,1.1032526,85.05555555555556,0.9277469,0.10035417,6.822726126346323,6.822726126346323,0.025774217016684513,0.009409374,0.09418846,2.5006337e-05,0.035070438,0.56546235,1.0
20010000,1.0564244,83.9,1.0193095,0.10576982,6.9046507753848445,6.9046507753848445,0.027753913346187847,0.06416879,0.09104473,2.4994584e-05,0.043695934,0.516034,1.0
20020000,1.0540282,134.94736842105263,0.943771,0.102583155,6.526439287114547,6.526439287114547,0.05071383772270852,0.04583268,0.09619002,2.4981447e-05,0.03773387,0.4675374,1.0
20030000,1.0351533,74.58823529411765,1.0711457,0.10270893,8.194550431436962,8.194550431436962,0.0152297490535097,0.05723726,0.08986346,2.4968456e-05,0.041021876,0.47311845,1.0
20040000,1.0202578,75.82352941176471,1.0102978,0.09918802,7.077175582156462,7.077175582156462,0.025224642335053754,0.07792489,0.09749747,2.4955545e-05,0.037544955,0.46000758,1.0
20050000,1.0904461,111.35,1.0170524,0.10094103,6.673323613074859,6.673323613074859,0.03914630162762478,0.055327874,0.09680862,2.4943784e-05,0.040321387,0.48463535,1.0
20060000,1.1226163,69.44444444444444,1.0158616,0.10272033,6.668483808636665,6.668483808636665,0.021587796379915543,0.080595955,0.09494365,2.4932026e-05,0.04171801,0.5460862,1.0
20070000,1.1448591,83.61111111111111,0.96074235,0.09007433,6.696336831380096,6.696336831380096,0.019867126622961626,0.00563477,0.086552516,2.4918923e-05,0.03581372,0.6163703,1.0
20080000,1.1311866,91.42105263157895,1.0053029,0.09062186,7.4737624695731535,7.4737624695731535,0.027907068013317056,0.050548155,0.0919128,2.490592e-05,0.03691648,0.59450406,1.0
20090000,1.0907258,79.8,1.010916,0.09089249,6.346989139204934,6.346989139204934,0.023776341373810454,0.08107347,0.08980604,2.4893083e-05,0.036128953,0.5385277,1.0
20100000,1.0619823,73.33333333333333,1.0109699,0.09006246,6.899750464492374,6.899750464492374,0.01869846018962562,0.12146324,0.094796404,2.4880308e-05,0.04014112,0.5245491,1.0
20110000,1.0641302,2030.3529411764705,0.9891497,0.08908511,7.173677431718961,7.173677431718961,0.8453291523242917,0.24386697,0.097288966,2.486863e-05,0.035934646,0.5592945,1.0
20120000,1.0659044,77.27777777777777,1.0342333,0.08371905,7.5399119567333,7.5399119567333,0.021053028404518653,0.07688217,0.094729766,2.4856883e-05,0.036336623,0.5212896,1.0
20130000,1.0794787,88.61904761904762,1.0257013,0.08679756,6.392949519617538,6.392949519617538,0.024159735157376246,0.010642864,0.09353264,2.4844005e-05,0.03945162,0.5590209,1.0
20140000,1.0497595,75.88235294117646,1.0150276,0.08793599,7.197122212718515,7.197122212718515,0.023322429617538172,0.05099534,0.09737298,2.4831063e-05,0.042319022,0.513086,1.0
20150000,1.0159037,66.93333333333334,0.9629665,0.081321314,7.716743922233581,7.716743922233581,0.019039610323185723,0.018165624,0.08585535,2.481818e-05,0.040578615,0.49309188,1.0
20160000,1.0349816,72.21052631578948,1.1488284,0.091269925,7.370545029640198,7.370545029640198,0.021777707201085593,0.0469727,0.09912379,2.4805227e-05,0.039796494,0.4802351,1.0
20170000,1.0396826,65.5625,0.9227859,0.087667726,7.600071529547374,7.600071529547374,0.024833458584422867,0.039200876,0.098020785,2.4793579e-05,0.042666446,0.5198821,1.0
20180000,1.068905,78.4375,0.97457576,0.08813931,7.132790921365514,7.132790921365514,0.018393460565301424,0.02438036,0.09032233,2.4781952e-05,0.03876045,0.50858,1.0
20190000,1.0857682,74.0,1.148211,0.08651757,7.273168012499809,7.273168012499809,0.037235162453725934,0.04254226,0.098332696,2.4768984e-05,0.04119553,0.5417394,1.0
20200000,1.1252891,73.66666666666667,1.054739,0.08529861,7.250190120604303,7.250190120604303,0.023361144095866218,0.036635038,0.08907454,2.475614e-05,0.038614348,0.59093297,1.0
20210000,1.0962385,65.0625,1.0025127,0.0772711,7.706374816596508,7.706374816596508,0.012992753530852497,0.023792818,0.09810795,2.4743156e-05,0.034976255,0.60365456,1.0
20220000,1.0653591,72.44444444444444,1.0593748,0.077746876,8.132275944246965,8.132275944246965,0.01697610518621171,0.03388636,0.08828627,2.4731356e-05,0.035392385,0.5422603,1.0
20230000,1.0467813,1126.25,1.0267512,0.069319904,7.170367516223219,7.170367516223219,0.40545411691453087,0.05964495,0.09050798,2.4719682e-05,0.035184104,0.53277767,1.0
20240000,1.0393976,100.73684210526316,1.03524,0.07177578,7.359275335106136,7.359275335106136,0.03801922963956665,0.12834899,0.099630706,2.4706605e-05,0.040087957,0.49960965,1.0
20250000,1.0632051,254.75,1.0394235,0.07029805,6.059526948650162,6.059526948650162,0.1042134584034405,0.056235008,0.09554863,2.4693367e-05,0.035471447,0.545867,1.0
20260000,1.0119485,700.2272727272727,1.0707864,0.07578406,6.048353972179836,6.048353972179836,0.36120203466535633,0.05021938,0.093589485,2.4680354e-05,0.033537146,0.5394769,1.0
20270000,1.0102551,90.66666666666667,0.9426785,0.07145223,5.472549924757916,5.472549924757916,0.02380891462477545,0.047104362,0.09969147,2.466863e-05,0.034619227,0.46273065,1.0
20280000,0.9883354,76.61111111111111,0.9775901,0.074376225,6.582567710998571,6.582567710998571,0.018823074459457228,0.053887766,0.09801565,2.4656934e-05,0.04087872,0.47703058,1.0
20290000,1.0012757,82.0909090909091,1.1129941,0.08046709,6.980470483275977,6.980470483275977,0.03468185754238882,0.06455247,0.09719603,2.4643872e-05,0.03747265,0.4610095,1.0
20300000,1.0039351,64.9375,1.0624733,0.074682005,7.6901375856250525,7.6901375856250525,0.0261132477899082,0.06697555,0.08963258,2.4630752e-05,0.040009737,0.47453704,1.0
20310000,0.95744747,73.88888888888889,1.1219462,0.06831556,7.239768172303836,7.239768172303836,0.020025998948969774,0.06203696,0.0936071,2.4617842e-05,0.035471294,0.45356315,1.0
20320000,0.9175478,64.8125,0.98182464,0.060038105,7.674417112022638,7.674417112022638,0.017742854921380058,0.04202021,0.086576596,2.4606328e-05,0.03659053,0.4139778,1.0
20330000,0.9334361,120.21052631578948,1.0460404,0.057198353,6.870494672523484,6.870494672523484,0.041932523532427456,0.031802744,0.10123384,2.4594614e-05,0.040248957,0.41014266,1.0
20340000,0.9261663,75.58823529411765,0.94341356,0.054296054,7.097338096183889,7.097338096183889,0.025325494503383252,0.034274425,0.09303186,2.4581339e-05,0.04017955,0.4105401,1.0
20350000,0.9899111,73.72222222222223,1.0119132,0.057685707,7.295034396979544,7.295034396979544,0.014725839809721543,0.012448416,0.09043795,2.4568284e-05,0.035630368,0.42483717,1.0
20360000,0.9501742,64.8125,0.9915685,0.05939299,7.698454746976495,7.698454746976495,0.020686640724306926,0.030983368,0.09552667,2.4555382e-05,0.039427564,0.44354448,1.0
20370000,0.98134935,73.94444444444444,1.0833822,0.06081637,7.2723759065071745,7.2723759065071745,0.019959553209547367,0.040244225,0.09260132,2.4543582e-05,0.042364214,0.42982697,1.0
20380000,1.0115547,64.875,0.98802,0.057688996,7.697537878528237,7.697537878528237,0.019218351095332764,0.028345823,0.10145013,2.4532108e-05,0.033947684,0.45326033,1.0
20390000,1.0410311,85.27777777777777,0.9729088,0.05811687,6.736434001061651,6.736434001061651,0.019349765110140044,0.007987366,0.0897828,2.4519297e-05,0.036237337,0.5049597,1.0
20400000,1.043157,171.42105263157896,1.0327932,0.05870221,7.10414122034903,7.10414122034903,0.06739844552143232,0.06361572,0.09541446,2.4506235e-05,0.037857566,0.47754192,1.0
20410000,1.0929594,79.89473684210526,1.0342401,0.059438054,7.745360554833161,7.745360554833161,0.02370165640145148,0.093126036,0.10056808,2.4493202e-05,0.037304156,0.53230685,1.0
20420000,1.077341,73.21052631578948,1.0275376,0.06391117,6.83726255380622,6.83726255380622,0.021462202825779587,0.015260997,0.093250446,2.448032e-05,0.03198397,0.50670606,1.0
20430000,1.1080234,75.6470588235294,1.0409862,0.061183237,8.454921902979121,8.454921902979121,0.023140242871116188,0.09809966,0.098516926,2.446855e-05,0.038052995,0.55204123,1.0
20440000,1.1249535,82.30434782608695,1.062804,0.063315816,6.343901762981778,6.343901762981778,0.02773362267559961,0.056606997,0.093670115,2.4456986e-05,0.037431944,0.5716382,1.0
20450000,1.0994138,79.26315789473684,1.0300937,0.06262073,6.4849218620281475,6.4849218620281475,0.024512512446993862,0.04973214,0.098185934,2.4444083e-05,0.039444342,0.5430028,1.0
20460000,1.1176916,64.8125,1.0495011,0.06226958,8.6587625592947,8.6587625592947,0.015815719481906854,0.024115872,0.09937255,2.4430954e-05,0.037822228,0.551909,1.0
20470000,1.167446,74.38888888888889,1.0240617,0.0612763,7.168281020487056,7.168281020487056,0.02133694287006031,0.060403116,0.10096644,2.4417875e-05,0.041560024,0.5986744,1.0
20480000,1.2336217,410.3157894736842,0.9896563,0.06276771,6.928827727848011,6.928827727848011,0.14861966804019175,0.048218943,0.09703522,2.4406043e-05,0.037033882,0.629285,1.0
20490000,1.2502272,106.21739130434783,1.0336701,0.05944766,5.440172200293644,5.440172200293644,0.03758234349484353,0.004151743,0.09542314,2.4394109e-05,0.031577807,0.71986246,1.0
20500000,1.2584965,64.05882352941177,0.9952709,0.05552918,8.22167806699872,8.22167806699872,0.02128522304701619,0.016196692,0.09488198,2.4381314e-05,0.03685241,0.69776285,1.0
20510000,1.2529693,2404.478260869565,1.0735586,0.057062544,5.922668428157692,5.922668428157692,0.9505963846965196,0.053536158,0.094667904,2.4368455e-05,0.035127796,0.72484267,1.0
20520000,1.1715875,69.58823529411765,1.0786839,0.058158252,7.680800564148846,7.680800564148846,0.017505234709995633,0.017893426,0.095037535,2.4355348e-05,0.035797875,0.6652843,1.0
20530000,1.2183841,134.5909090909091,1.0866325,0.059179474,6.161706545132753,6.161706545132753,0.04882116501870438,0.12805438,0.0954745,2.4343746e-05,0.037724577,0.64612937,1.0
20540000,1.279173,137.3913043478261,0.975217,0.059102375,5.553376560499936,5.553376560499936,0.046414200301197445,0.07172869,0.09945272,2.4332006e-05,0.035034075,0.7284743,1.0
20550000,1.2956964,106.69565217391305,1.0343895,0.061008826,5.290951047136332,5.290951047136332,0.04004593804711476,0.051666368,0.0906171,2.431899e-05,0.031922683,0.76133645,1.0
20560000,1.2949722,1912.6315789473683,0.9914133,0.061179616,6.550009672911114,6.550009672911114,0.8740476670699489,0.03224891,0.0915388,2.4305951e-05,0.094320044,0.75649077,1.0
20570000,1.242563,74.0,1.149211,0.071976386,8.46515760322412,8.46515760322412,0.02483390429471102,0.035161152,0.09894754,2.429288e-05,0.033561092,0.71513826,1.0
20580000,1.2094382,88.47619047619048,1.0204061,0.06252034,5.935057771060937,5.935057771060937,0.024042737980683643,0.029214522,0.09185566,2.4281231e-05,0.037091363,0.6923814,1.0
20590000,1.1768382,2063.4285714285716,1.0935618,0.063299,5.186435396974647,5.186435396974647,1.2381953560370242,0.15560938,0.097500406,2.4269555e-05,0.03875942,0.61837876,1.0
20600000,1.1763965,75.76470588235294,1.0317351,0.059460856,7.17690301993314,7.17690301993314,0.013845385572708705,0.06029582,0.09706232,2.4256613e-05,0.03573773,0.6189887,1.0
20610000,1.1885511,106.19047619047619,1.0959858,0.062463965,6.670609661980139,6.670609661980139,0.044279166840992513,0.073144294,0.101075925,2.4243707e-05,0.038200025,0.6339735,1.0
20620000,1.1879778,94.3157894736842,1.0503222,0.05909848,6.923764179019551,6.923764179019551,0.03248547559211913,0.06340392,0.095352076,2.423058e-05,0.037049074,0.59530246,1.0
20630000,1.1807534,212.42105263157896,1.0589061,0.058583017,7.039923272773716,7.039923272773716,0.0764966687114027,0.21891075,0.1010092,2.4218773e-05,0.037625883,0.63249713,1.0
20640000,1.1981649,78.2,1.1429439,0.056372646,7.8687683045864105,7.8687683045864105,0.02449054596688711,0.05231897,0.09828224,2.4207122e-05,0.036097754,0.655545,1.0
20650000,1.2018149,81.75,1.041578,0.049829505,6.127647443860769,6.127647443860769,0.022606525979063007,0.0025324007,0.093891695,2.4194123e-05,0.03409957,0.6228296,1.0
20660000,1.2152876,73.0,1.1450108,0.051009372,8.279193598973123,8.279193598973123,0.01790703097848516,0.120952465,0.09373299,2.4181103e-05,0.03546927,0.67052656,1.0
20670000,1.1906762,67.06666666666666,0.9798154,0.052869584,7.567667343219122,7.567667343219122,0.014786681563903888,0.0064847744,0.088381246,2.4168106e-05,0.038900506,0.6047956,1.0
20680000,1.2077551,138.45,1.1559625,0.049490064,7.885095207852982,7.885095207852982,0.04942359986016527,0.0064539416,0.09072254,2.415638e-05,0.03693247,0.6255028,1.0
20690000,1.2379144,80.11764705882354,1.1006643,0.046620037,8.467432416098958,8.467432416098958,0.028378330253283766,0.06013768,0.091863334,2.4144802e-05,0.038058948,0.66694224,1.0
20700000,1.2315804,80.5,1.1217624,0.052074473,6.397665340776439,6.397665340776439,0.035881041549146175,0.05256737,0.094359666,2.4131828e-05,0.035573576,0.6795927,1.0
20710000,1.2209158,75.82352941176471,1.0094787,0.051238287,7.140960644273197,7.140960644273197,0.018162575386026326,0.0011546736,0.09440319,2.4118755e-05,0.036678474,0.6592257,1.0
20720000,1.1859639,96.45,1.0734758,0.048414305,6.902727675090864,6.902727675090864,0.03718272375990637,0.10193707,0.09506416,2.4105795e-05,0.037554532,0.6045774,1.0
20730000,1.2035127,63.705882352941174,1.1478255,0.047276493,8.565529002862817,8.565529002862817,0.012880198821863708,0.034614157,0.09952089,2.4093008e-05,0.034352474,0.6505509,1.0
20740000,1.1851372,74.76470588235294,1.1508018,0.043853726,8.597858202808043,8.597858202808043,0.018224645159481204,0.053293142,0.10024771,2.4081397e-05,0.037489064,0.61927116,1.0
20750000,1.1804094,63.705882352941174,1.1915722,0.047468875,8.572798683362848,8.572798683362848,0.02251693861120764,0.08355322,0.09796064,2.4069715e-05,0.03849544,0.6177231,1.0
20760000,1.1733055,229.21052631578948,1.0023464,0.04296242,6.562125199359319,6.562125199359319,0.08650665531719201,0.0041150926,0.09026134,2.4056852e-05,0.035854075,0.6248344,1.0
20770000,1.1374393,132.1818181818182,1.1157655,0.047075216,7.356198775606182,7.356198775606182,0.05558167253842666,0.09094613,0.097044155,2.4043913e-05,0.035281163,0.5684458,1.0
20780000,1.1446884,88.14285714285714,1.095048,0.047686476,6.328260650688952,6.328260650688952,0.03711038668089631,0.08747737,0.101826355,2.4030762e-05,0.03966724,0.60077953,1.0
20790000,1.1135429,74.73684210526316,1.2018431,0.055372674,7.55425717054229,7.55425717054229,0.028949252038728446,0.054080214,0.09127437,2.401901e-05,0.03680813,0.5802344,1.0
20800000,1.1217816,73.52631578947368,1.0297889,0.05192429,6.287710076416464,6.287710076416464,0.027671206491935375,0.07151256,0.09754248,2.4007331e-05,0.041372247,0.55775243,1.0
20810000,1.0718104,110.6,1.1567311,0.055743717,7.503876974999207,7.503876974999207,0.03862118049291894,0.08526913,0.09364832,2.3994338e-05,0.04040331,0.5122714,1.0
20820000,1.0991681,91.61111111111111,1.210102,0.054393996,9.083978577013719,9.083978577013719,0.04624919224038927,0.053993694,0.10193201,2.3981254e-05,0.040734846,0.52952635,1.0
20830000,1.1348733,71.13636363636364,1.0937425,0.05774135,6.141442723529301,6.141442723529301,0.02039648835885931,0.03889663,0.096958265,2.3968223e-05,0.03474587,0.576087,1.0
20840000,1.1427293,87.11111111111111,1.079604,0.054408193,7.722026306101018,7.722026306101018,0.026294698369585805,0.0033173878,0.079065755,2.395637e-05,0.035299424,0.5253498,1.0
20850000,1.1660837,75.11764705882354,1.1102158,0.057482835,8.132194538326825,8.132194538326825,0.018869467832915047,0.06224223,0.09993634,2.39446e-05,0.036163174,0.60851204,1.0
20860000,1.1826686,143.75,1.0745691,0.05551917,6.523246262222156,6.523246262222156,0.04495914315339178,0.009283404,0.08714302,2.3931341e-05,0.03366155,0.6137397,1.0
20870000,1.1878619,74.1,1.0447052,0.053592633,6.653301114081126,6.653301114081126,0.024920767662115394,0.005990273,0.09288437,2.391813e-05,0.03615523,0.608585,1.0
20880000,1.2428952,127.42105263157895,0.99011207,0.04734327,6.354547774630911,6.354547774630911,0.04377069753153544,0.03793194,0.08730179,2.390645e-05,0.03478389,0.64524055,1.0
20890000,1.2452166,1049.7272727272727,0.98619694,0.04506843,5.5805475702866945,5.5805475702866945,0.3935789814832705,0.035997104,0.092091404,2.3894783e-05,0.038056582,0.6697728,1.0
20900000,1.3120792,83.05,1.0390533,0.046465572,6.571362170577049,6.571362170577049,0.024893948470707982,0.0075495406,0.08859797,2.3881817e-05,0.033059128,0.7367571,1.0
20910000,1.3303951,121.95454545454545,0.9321884,0.045924377,5.7521611884550445,5.7521611884550445,0.049725987829416146,0.012081874,0.08784796,2.3868875e-05,0.031760257,0.7762841,1.0
20920000,1.3415469,741.8148148148148,0.9796624,0.05005947,4.78837348750576,4.78837348750576,0.28716372733038886,0.01991691,0.08897881,2.3855882e-05,0.029631834,0.810068,1.0
20930000,1.3761362,73.52941176470588,0.9745617,0.043252196,7.132257631760748,7.132257631760748,0.014484761830638437,0.0073228576,0.086614266,2.3843022e-05,0.029012065,0.86200583,1.0
20940000,1.3812737,1367.1666666666667,0.9045804,0.04274561,5.326951012908836,5.326951012908836,0.6570803942513126,0.0107574,0.08851834,2.3831222e-05,0.026946217,0.88404936,1.0
20950000,1.3776178,2818.9545454545455,1.0045023,0.04604015,5.781379965372354,5.781379965372354,0.9737625793680887,0.009104906,0.09071944,2.3819352e-05,0.043788068,0.9198235,1.0
20960000,1.3872014,111.82142857142857,0.92516345,0.03681554,4.386436736997074,4.386436736997074,0.19454327125900558,0.04580282,0.0972389,2.3806393e-05,0.031656895,0.9013731,1.0
20970000,1.3868417,139.88,0.9096703,0.041164655,4.691719101787805,4.691719101787805,0.04260659107491777,0.02096169,0.09671436,2.379344e-05,0.027925452,0.919676,1.0
20980000,1.4026953,232.1904761904762,0.9684295,0.039356943,5.926787783661824,5.926787783661824,0.060431773541495204,0.012124444,0.093856364,2.3780458e-05,0.02586188,0.959184,1.0
20990000,1.4144064,2318.56,1.0201955,0.034302484,4.026725760738139,4.026725760738139,0.9489308929769322,0.0075403647,0.08906767,2.3768673e-05,0.026924301,0.93681324,1.0
21000000,1.3987627,103.52941176470588,0.9135931,0.03755581,6.398188448846186,6.398188448846186,0.028851279997444877,0.0100927465,0.08458193,2.3756922e-05,0.02556206,0.91219866,1.0
21010000,1.3681465,168.1851851851852,0.93072575,0.03255404,4.636077199094591,4.636077199094591,0.27372087552122626,0.019628292,0.09069189,2.3743756e-05,0.04795338,0.8952587,1.0
21020000,1.4129214,112.18518518518519,1.0527848,0.044178568,4.887563879185433,4.887563879185433,0.04601206068348672,0.019826971,0.100169875,2.37306e-05,0.04091414,0.9129027,1.0
21030000,1.4084561,106.0,1.0333517,0.048778072,4.736963649506348,4.736963649506348,0.07479725096997973,0.07445727,0.08851668,2.371886e-05,0.028366772,0.9688913,1.0
21040000,1.4229386,102.36363636363636,0.9630378,0.040243037,5.752498524602164,5.752498524602164,0.036917072741992095,0.008890864,0.08812445,2.3707173e-05,0.024574924,0.97816813,1.0
21050000,1.4477265,121.95,0.9132919,0.036827628,5.831835639596713,5.831835639596713,0.03544425452128053,0.051859748,0.09087813,2.3694174e-05,0.023838378,0.97619504,1.0
21060000,1.4330682,63.833333333333336,0.9628393,0.036724333,6.85427510076099,6.85427510076099,0.014295393626929985,0.15710057,0.08601676,2.3681127e-05,0.025526276,1.0173385,1.0
21070000,1.4952421,4462.476190476191,1.0696458,0.03260223,5.445075143508742,5.445075143508742,1.5746898478457958,0.016871471,0.0949778,2.366807e-05,0.025425654,1.0931158,1.0
21080000,1.5053636,321.4,0.96583736,0.03755132,6.059208719229362,6.059208719229362,0.09571331623010337,0.06719288,0.090702295,2.3656392e-05,0.027782567,1.1517037,1.0
21090000,1.5436525,101.57894736842105,1.0238123,0.032878175,6.8735216755756765,6.8735216755756765,0.051113879063019625,0.007848221,0.08488511,2.3644792e-05,0.016240235,1.2010539,1.0
21100000,1.554401,129.6,0.86848354,0.03111395,5.7339409411021816,5.7339409411021816,0.028944593126652762,0.0050092125,0.0979092,2.3631726e-05,0.0125838835,1.3258144,1.0
21110000,1.5854492,5101.0,0.9201446,0.029082602,5.266618690176455,5.266618690176455,2.1313992494736644,0.008662442,0.08132331,2.3618451e-05,0.012945043,1.3372023,1.0
21120000,1.5841649,68.57142857142857,0.9181799,0.033462703,7.614602468411127,7.614602468411127,0.01119105494581163,0.011354996,0.08780236,2.360561e-05,0.010317983,1.3887358,1.0
21130000,1.6055921,5927.736842105263,1.0793358,0.03441112,7.398798633503307,7.398798633503307,2.830079958680711,0.034193214,0.083331,2.3594026e-05,0.011596594,1.383902,1.0
21140000,1.6114942,75.76470588235294,0.9899765,0.024008978,7.157361929907518,7.157361929907518,0.015876842661836074,0.0011936348,0.07735862,2.3582399e-05,0.008265691,1.4370682,1.0
21150000,1.5651034,224.35,0.95236546,0.025929488,6.091991114246017,6.091991114246017,0.030203657097445102,0.001741562,0.079294495,2.356953e-05,0.008876384,1.4767745,1.0
21160000,1.4835552,8105.206896551724,0.91867477,0.037998866,3.3966098942907275,3.3966098942907275,3.5180220815925702,0.05046475,0.097763546,2.3556526e-05,0.07800512,1.1373525,1.0
21170000,1.5017205,316.375,0.8641384,0.05380471,4.508951267771832,4.508951267771832,0.07899896162325604,0.10778705,0.093618095,2.3543453e-05,0.026461914,1.1840823,1.0
21180000,1.6050702,95.7,0.8942474,0.05463717,5.780149025028729,5.780149025028729,0.026034950927714816,0.12142763,0.08843431,2.3530505e-05,0.13726571,1.3141186,1.0
21190000,1.6026534,278.60714285714283,0.9067565,0.047919355,4.772694927644435,4.772694927644435,0.06948417936980482,0.025262224,0.10130265,2.3518782e-05,0.0131091,1.3929373,1.0
21200000,1.6244565,153.94736842105263,0.97252923,0.039612837,6.271942961043827,6.271942961043827,0.028362524269859454,0.020659288,0.09764426,2.350683e-05,0.010244777,1.4430847,1.0
21210000,1.6257933,261.95454545454544,0.96508205,0.024136072,5.852182873007365,5.852182873007365,0.06226935821864159,0.0072766272,0.08758067,2.349357e-05,0.012465085,1.4688317,1.0
21220000,1.6059762,118.84210526315789,1.0585489,0.028064102,6.922156531295505,6.922156531295505,0.017406618335946023,0.004537654,0.08883624,2.3480452e-05,0.012931095,1.3869624,1.0
21230000,1.6336577,327.55,0.97124106,0.029774683,6.124924399402947,6.124924399402947,0.06809300106251612,0.01906922,0.0916778,2.3468645e-05,0.013873475,1.4197209,1.0
21240000,1.6217352,373.04545454545456,1.0307924,0.034080904,5.434589269438028,5.434589269438028,0.15958504927667408,0.017167632,0.08864205,2.345681e-05,0.039725047,1.4259182,1.0
21250000,1.5010647,9961.5,0.93240863,0.044775486,4.546993450822645,4.546993450822645,2.9848426148808356,0.06591578,0.09937267,2.344383e-05,0.02420605,1.2143358,1.0
21260000,1.4951745,212.85,0.9537122,0.04448179,5.975573320488457,5.975573320488457,0.04010372339107562,0.15295975,0.09578357,2.3430837e-05,0.031298008,1.0898916,1.0
21270000,1.4254355,230.03571428571428,0.9685401,0.04100864,4.797969922815307,4.797969922815307,0.06510584270485456,0.064483024,0.09551245,2.3419067e-05,0.02687959,0.97515655,1.0
21280000,1.3504951,199.72972972972974,1.0035032,0.045157507,3.5967934501892174,3.5967934501892174,0.07055708437818228,0.120697364,0.0934566,2.3407256e-05,0.027492564,0.8947827,1.0
21290000,1.3132194,218.57575757575756,0.96205825,0.04657072,3.848470535152094,3.848470535152094,0.08488448654497915,0.13443454,0.10080697,2.3394281e-05,0.03554162,0.8118366,1.0
21300000,1.3375905,252.5625,0.93349564,0.042693365,3.6756719606082107,3.6756719606082107,0.07916366928309965,0.06141452,0.10214478,2.3381286e-05,0.032137223,0.7677681,1.0
21310000,1.328611,109.75862068965517,0.9011788,0.046606343,4.493165413650016,4.493165413650016,0.034523687818575254,0.053335793,0.09315959,2.3368175e-05,0.036367208,0.80679595,1.0
21320000,1.3756027,213.26923076923077,0.89989203,0.044004664,4.297072467156709,4.297072467156709,0.09849424476056744,0.03568777,0.097212456,2.3356191e-05,0.035632424,0.82574767,1.0
21330000,1.3340889,315.9655172413793,0.92596936,0.04633866,5.101890051276068,5.101890051276068,0.1109590480825448,0.04843771,0.08711148,2.3344124e-05,0.030912165,0.8409953,1.0
21340000,1.3076321,121.26086956521739,1.0164056,0.04078879,5.29858769484171,5.29858769484171,0.04084085105569102,0.20352712,0.10010223,2.333112e-05,0.038092576,0.7311759,1.0
21350000,1.3178592,201.0,0.97020566,0.04166689,3.563826340814033,3.563826340814033,0.08850091506194856,0.043143954,0.09506035,2.331811e-05,0.041420214,0.74697274,1.0
21360000,1.3486876,245.09677419354838,0.93114656,0.056659147,3.9572478196031313,3.9572478196031313,0.22419154022176255,0.04969687,0.097979866,2.330642e-05,0.20111425,0.84044266,1.0
21370000,1.394719,196.96428571428572,0.9612527,0.082521126,4.6347364635481325,4.6347364635481325,0.2144274062146516,0.030535776,0.094585896,2.3294631e-05,0.054891337,0.8412301,1.0
21380000,1.4915507,131.14285714285714,0.90499157,0.06919024,5.6658153689567445,5.6658153689567445,0.040656440036313836,0.038184233,0.10341482,2.3281627e-05,0.025711048,1.0822668,1.0
21390000,1.5236233,198.72727272727272,0.9933622,0.06262655,5.796732311838481,5.796732311838481,0.07179900422819298,0.022181991,0.09030539,2.3268793e-05,0.022449652,1.1601547,1.0
21400000,1.4898162,238.8846153846154,0.95934826,0.04505623,5.5234843242451355,5.5234843242451355,0.08111977671013357,0.054474186,0.0960763,2.325589e-05,0.027839428,1.111644,1.0
21410000,1.5105952,273.6,0.9340949,0.037329953,4.800408122879144,4.800408122879144,0.05942139682825655,0.017685547,0.094996594,2.3242854e-05,0.023527049,1.1037104,1.0
21420000,1.4687213,205.07692307692307,0.8064964,0.042349044,4.211371785804573,4.211371785804573,0.061115190539007574,0.040069833,0.09690583,2.3231027e-05,0.027623516,1.1280543,1.0
21430000,1.4093736,195.55172413793105,0.9628928,0.05128684,4.542578552775033,4.542578552775033,0.0509626487640032,0.14461197,0.096884325,2.3219442e-05,0.063545644,0.9757719,1.0
21440000,1.3897057,139.53333333333333,1.0233558,0.051841646,4.390358085455099,4.390358085455099,0.09203664558158527,0.0313252,0.09428356,2.3206414e-05,0.040827453,0.8422698,1.0
21450000,1.476893,129.92592592592592,0.7957459,0.053748593,4.501553782630826,4.501553782630826,0.07966020111537848,0.05821656,0.09788487,2.3193374e-05,0.0409487,0.9536176,1.0
21460000,1.4061555,178.93103448275863,0.95830965,0.054220337,4.3196140169420865,4.3196140169420865,0.0852521189070981,0.092331626,0.097864844,2.3180462e-05,0.041221388,0.8244697,1.0
21470000,1.4445966,119.67857142857143,1.0367181,0.059631165,5.05647754221822,5.05647754221822,0.04509345164115075,0.0983503,0.09552019,2.3168735e-05,0.037104882,0.92212296,1.0
21480000,1.4400275,439.52,0.97080564,0.059724074,4.923536172866267,4.923536172866267,0.13883666258800076,0.07767554,0.09296634,2.3156952e-05,0.034672968,0.8977628,1.0
21490000,1.4206665,150.78571428571428,0.97450715,0.055883132,4.927816591446784,4.927816591446784,0.04811722867556715,0.048327602,0.091774166,2.3143719e-05,0.036823127,0.9304657,1.0
21500000,1.4520295,254.92,1.0450729,0.05468895,5.419517521984309,5.419517521984309,0.09539630991406739,0.041903444,0.093479685,2.3130764e-05,0.038161468,0.9265741,1.0
21510000,1.4598339,196.3684210526316,0.9864216,0.05327413,6.270594023180376,6.270594023180376,0.06370256674524985,0.028987559,0.09400947,2.3119172e-05,0.0247752,1.0535557,1.0
21520000,1.4646641,130.53125,1.0634428,0.04679534,4.6131603370997,4.6131603370997,0.03742227110433305,0.03385368,0.097428285,2.3107274e-05,0.028445244,1.0115024,1.0
21530000,1.4643936,254.46153846153845,1.0506521,0.047735374,5.829470589540888,5.829470589540888,0.07780275846831501,0.09040379,0.097659335,2.3094208e-05,0.03133832,1.0925759,1.0
21540000,1.4982823,139.1818181818182,0.9961276,0.040685292,5.3888504354054225,5.3888504354054225,0.05184982239936052,0.041875854,0.09610332,2.3081186e-05,0.034635954,1.0304477,1.0
21550000,1.5114646,93.5909090909091,1.0485438,0.05802831,5.789322098877454,5.789322098877454,0.03525588438920253,0.02009367,0.08728913,2.3068236e-05,0.04416152,1.0048105,1.0
21560000,1.455805,179.2608695652174,1.103401,0.06281008,5.1696750978176995,5.1696750978176995,0.161932868214891,0.09136373,0.09143169,2.3056466e-05,0.052749615,0.9084786,1.0
21570000,1.3758334,501.5833333333333,0.99727786,0.060014684,5.326141177083204,5.326141177083204,0.20490241225748682,0.04363603,0.095990136,2.3044717e-05,0.042336874,0.8327141,1.0
21580000,1.3480769,114.56,0.96166384,0.060803775,5.480274612922775,5.480274612922775,0.0431649575036954,0.04331439,0.091791734,2.3031644e-05,0.037888885,0.78871393,1.0
21590000,1.3576876,218.0,0.98213965,0.06556016,4.821407317596461,4.821407317596461,0.08955094098820593,0.03351622,0.09151395,2.3018709e-05,0.037804224,0.8169589,1.0
21600000,1.3138443,148.70833333333334,1.0283297,0.07063274,5.481826703486351,5.481826703486351,0.049061809312358186,0.040754963,0.094135046,2.3005538e-05,0.035751127,0.79780006,1.0
21610000,1.2865608,149.92,0.9646217,0.06440155,4.600010441021144,4.600010441021144,0.07041426508687437,0.11347626,0.0923347,2.299383e-05,0.036355674,0.75697404,1.0
21620000,1.2787447,208.85294117647058,0.8162521,0.063150644,2.9302248403348052,2.9302248403348052,0.10211411486242843,0.0237173,0.09686065,2.298205e-05,0.042739745,0.696256,1.0
21630000,1.3315094,135.75862068965517,0.8132799,0.061239734,3.9163603075705735,3.9163603075705735,0.05192927892143228,0.030453075,0.089041494,2.296904e-05,0.035916694,0.80637896,1.0
21640000,1.3164111,280.76,0.998809,0.06181398,5.7452238920676155,5.7452238920676155,0.19444431187584996,0.15931591,0.09656405,2.2955868e-05,0.07178445,0.7963426,1.0
21650000,1.3466085,4888.363636363636,0.9068604,0.055783845,3.572231109639692,3.572231109639692,2.6983377846638286,0.11102392,0.09681203,2.2944034e-05,0.027519159,0.8302469,1.0
21660000,1.3556534,157.8,1.0487705,0.059955742,4.7303843539061665,4.7303843539061665,0.05396342117649813,0.3158118,0.096033916,2.2932154e-05,0.032104943,0.84229773,1.0
21670000,1.4192028,98.42857142857143,0.8150524,0.055240855,4.979170510722097,4.979170510722097,0.035643554629218886,0.0367305,0.09350668,2.291914e-05,0.24020906,0.92097217,1.0
21680000,1.42222,197.0,0.9641511,0.059300356,5.013625653259984,5.013625653259984,0.081343253769004,0.05069468,0.09380466,2.2906188e-05,0.029168865,0.9583095,1.0
21690000,1.3781792,100.90322580645162,0.86830467,0.05350566,3.7897478779341576,3.7897478779341576,0.028432335065417647,0.028106287,0.097794585,2.2893248e-05,0.031218326,0.88845235,1.0
21700000,1.3381324,152.30434782608697,0.87609535,0.05316202,5.276419247937662,5.276419247937662,0.048075829652826425,0.019543624,0.09415808,2.288144e-05,0.04115175,0.82065684,1.0
21710000,1.2749019,132.85294117647058,1.0038134,0.05666907,3.753021185148641,3.753021185148641,0.057937772212352794,0.097369224,0.097427845,2.2869692e-05,0.039294086,0.7126527,1.0
21720000,1.244999,179.4516129032258,0.94298506,0.06589304,4.178581182067767,4.178581182067767,0.0903832899301403,0.07454962,0.096178494,2.2856624e-05,0.051213585,0.648802,1.0
21730000,1.1711758,129.43333333333334,1.109521,0.07089712,5.134515466029355,5.134515466029355,0.058176235288071136,0.072281964,0.09405153,2.2843502e-05,0.04507484,0.61565185,1.0
21740000,1.1063348,95.0,1.1651279,0.078596406,5.9717233907338345,5.9717233907338345,0.0725506779960018,0.05092592,0.099794745,2.2830516e-05,0.052484192,0.52251875,1.0
21750000,1.0711812,153.70833333333334,0.9939243,0.081691235,5.233221317575658,5.233221317575658,0.06754306412282556,0.112325475,0.09013399,2.28188e-05,0.048395142,0.5169144,1.0
21760000,1.1736349,133.2608695652174,1.0073334,0.0812699,5.574628279733069,5.574628279733069,0.07426499858822512,0.07068345,0.09603737,2.2807082e-05,0.0469548,0.53504574,1.0
21770000,1.2272407,817.9130434782609,1.0457453,0.08066803,6.3770424883312655,6.3770424883312655,0.32063092368543555,0.12683459,0.09448632,2.2794015e-05,0.043091677,0.634596,1.0
21780000,1.2252135,99.18181818181819,1.1065762,0.08034047,6.044328852734041,6.044328852734041,0.032006874264750095,0.0577491,0.09349697,2.2780938e-05,0.039303515,0.61950886,1.0
21790000,1.19561,183.40740740740742,1.036981,0.07703091,4.896833873050797,4.896833873050797,0.07520680973747014,0.06198202,0.097973175,2.2769102e-05,0.041485697,0.6477194,1.0
21800000,1.1302397,306.4347826086956,1.0795965,0.07785398,5.961437084746283,5.961437084746283,0.28374030698171776,0.04759993,0.10054462,2.2757402e-05,0.04956582,0.53527504,1.0
21810000,1.0576156,120.18181818181819,1.1326997,0.08248724,4.2651246538246586,4.2651246538246586,0.07230171136501612,0.12952764,0.09594109,2.2744523e-05,0.04624159,0.52313125,1.0
21820000,1.0386056,128.20833333333334,0.97903115,0.07718462,4.76110701011906,4.76110701011906,0.10284131374709946,0.08785026,0.09618784,2.2731501e-05,0.0586295,0.49089375,1.0
21830000,0.9946816,98.2,1.1777858,0.08745476,7.7613981383889215,7.7613981383889215,0.030849519368660237,0.07048611,0.09305646,2.2718521e-05,0.04435098,0.46533474,1.0
21840000,0.959525,782.7826086956521,1.0729953,0.07919199,6.032949214135528,6.032949214135528,0.31787633888028644,0.083391264,0.09772985,2.2705439e-05,0.04408049,0.42503595,1.0
21850000,0.98574984,104.04761904761905,1.1019664,0.08387358,6.633315884488089,6.633315884488089,0.03788745281330887,0.09661092,0.097679,2.2693683e-05,0.043987967,0.4360646,1.0
21860000,0.949211,451.5,1.1616106,0.080852486,5.209116328026822,5.209116328026822,0.270101971622243,0.07865776,0.10359968,2.268192e-05,0.04203933,0.42720804,1.0
21870000,0.9163499,127.18181818181819,1.0667936,0.08533308,5.900048003603486,5.900048003603486,0.04211476424445763,0.029432604,0.09087821,2.2668897e-05,0.042684533,0.37908465,1.0
21880000,0.90903497,99.16,1.0841742,0.07722184,5.060681368782244,5.060681368782244,0.03414331909734756,0.08839388,0.098037094,2.2655844e-05,0.04403056,0.3885302,1.0
21890000,0.9223078,110.6,1.0503056,0.071321785,5.422679321877658,5.422679321877658,0.0420761418537586,0.0324006,0.097968355,2.2642911e-05,0.043500982,0.38570267,1.0
21900000,0.9628393,186.91666666666666,0.90281475,0.073397614,4.420127773130656,4.420127773130656,0.09220233124991258,0.050927985,0.09497274,2.2631186e-05,0.046294723,0.4178895,1.0
21910000,1.0163418,139.6206896551724,1.1069738,0.080623046,4.851527642963364,4.851527642963364,0.05436079638833501,0.13673961,0.092723034,2.26195e-05,0.048261065,0.44159523,1.0
21920000,1.0561336,72.95,0.99172,0.08298487,6.2922373250126835,6.2922373250126835,0.022463608789257704,0.077611804,0.09532308,2.2606484e-05,0.04510768,0.44383964,1.0
21930000,1.0404785,119.6470588235294,0.9738249,0.08057945,7.173802137374878,7.173802137374878,0.04704571585170925,0.08375401,0.0982345,2.259346e-05,0.044944726,0.4634157,1.0
21940000,1.0364839,137.4814814814815,1.1769302,0.08785748,5.892215358541796,5.892215358541796,0.07082887092191312,0.08125392,0.09927822,2.2580401e-05,0.04451267,0.46840438,1.0
21950000,0.97206163,132.84,1.1781521,0.08964386,5.0590363240626175,5.0590363240626175,0.06626334200846032,0.20292315,0.10155473,2.2568625e-05,0.047291555,0.41063723,1.0
21960000,0.93221897,85.47368421052632,1.0526519,0.08470015,6.086068826803392,6.086068826803392,0.025323514195502196,0.3284612,0.09721887,2.2556917e-05,0.04548816,0.39243448,1.0
21970000,0.93458384,105.14285714285714,1.0684721,0.08842174,5.988127423432854,5.988127423432854,0.03722609616150813,0.12585412,0.10192196,2.2543798e-05,0.047962412,0.37963167,1.0
21980000,0.91236526,72.88235294117646,1.031385,0.08476779,7.1619705435107734,7.1619705435107734,0.018894492073313278,0.0243974,0.09583472,2.2530676e-05,0.04195102,0.4037699,1.0
21990000,0.8876079,123.4090909090909,0.9893426,0.08562582,5.283921637731097,5.283921637731097,0.04386450367217714,0.015349156,0.09230037,2.2518761e-05,0.042658113,0.3659834,1.0
22000000,0.88997024,71.11764705882354,1.0337485,0.08673177,8.168369678725654,8.168369678725654,0.018510317813385937,0.033272054,0.100054756,2.2507124e-05,0.042789184,0.3345409,1.0
22010000,0.9066531,90.88,1.1222234,0.09003752,5.864322606027127,5.864322606027127,0.03476542535703629,0.049880806,0.09612065,2.249394e-05,0.043914396,0.37294134,1.0
22020000,0.968087,54.94736842105263,1.068878,0.08685733,6.834023989344898,6.834023989344898,0.012838795058135139,0.04396131,0.09676719,2.2480794e-05,0.04278198,0.3901141,1.0
22030000,0.9283324,480.65,1.05904,0.088605344,5.995323596710948,5.995323596710948,0.21329727532574908,0.05130546,0.1008087,2.2467753e-05,0.045099054,0.38895488,1.0
22040000,0.8774435,1674.7368421052631,0.9701188,0.08493656,6.101960309750863,6.101960309750863,0.5719996242030327,0.048831373,0.0967712,2.2456134e-05,0.042439103,0.3473362,1.0
22050000,0.85630727,69.04,1.0736204,0.086216405,5.621971455812454,5.621971455812454,0.022886229854193516,0.13104385,0.09542596,2.244445e-05,0.04601632,0.3177652,1.0
22060000,0.8570153,508.95454545454544,0.9621666,0.09341817,5.573756885064403,5.573756885064403,0.22793384560472554,0.06517952,0.09282422,2.243146e-05,0.13053794,0.35962734,1.0
22070000,0.85118717,73.9090909090909,1.1229124,0.103306115,7.027208773986153,7.027208773986153,0.021065275527808295,0.059159793,0.09741359,2.2418591e-05,0.04080117,0.31477535,1.0
22080000,0.8836386,248.05263157894737,1.1005946,0.09530216,7.444140326048751,7.444140326048751,0.1242586517534954,0.05048724,0.103006504,2.2405484e-05,0.038740095,0.34877974,1.0
22090000,0.84126866,106.81818181818181,1.1804996,0.09084469,7.227942957341963,7.227942957341963,0.04037033565427092,0.115343936,0.095333874,2.2393795e-05,0.03880544,0.34653774,1.0
22100000,0.8469248,86.125,1.2519441,0.09607665,5.7960726383607835,5.7960726383607835,0.09140375863353256,0.20863359,0.09254585,2.238212e-05,0.05257053,0.3500195,1.0
22110000,0.84492236,123.05882352941177,0.97780997,0.08840866,6.9607475253031215,6.9607475253031215,0.05110529228113592,0.00961265,0.090877235,2.2369193e-05,0.038642906,0.3434641,1.0
22120000,0.88036966,462.4736842105263,1.0989783,0.091970965,7.288175513902355,7.288175513902355,0.22006686521988167,0.017961232,0.09479952,2.2356215e-05,0.038673475,0.35395265,1.0
22130000,0.94364625,231.91304347826087,1.0515809,0.09204281,5.68460949572966,5.68460949572966,0.0880921084250946,0.0932367,0.09486893,2.2343293e-05,0.039753266,0.40853614,1.0
22140000,0.96422476,859.6666666666666,1.1237081,0.098002136,5.330622136230713,5.330622136230713,0.3324861620286746,0.10068472,0.09567963,2.2331353e-05,0.03909341,0.40709385,1.0
22150000,0.96946573,603.7777777777778,1.2038306,0.09325111,8.700880059366074,8.700880059366074,0.45433356177010054,0.2894112,0.095113166,2.2319717e-05,0.037115738,0.40934834,1.0
22160000,0.9848134,119.0,1.0482687,0.08752366,6.136248416047261,6.136248416047261,0.04431292127860202,0.073467016,0.089697376,2.230675e-05,0.03963749,0.4385059,1.0
22170000,0.9879169,125.83333333333333,1.2342994,0.10506393,5.273664515832981,5.273664515832981,0.1118741443659322,0.10287814,0.09584345,2.2293914e-05,0.055943172,0.45996958,1.0
22180000,0.94854766,69.5,1.3782061,0.1032304,8.853604927659035,8.853604927659035,0.01822779772337526,0.12446578,0.09286685,2.2280943e-05,0.038695194,0.4181773,1.0
22190000,0.9112065,130.71428571428572,1.3183433,0.10564907,7.251243576346453,7.251243576346453,0.044432084020670684,0.07590392,0.09800595,2.2269105e-05,0.04041662,0.37914062,1.0
22200000,0.9453943,72.25,1.2619619,0.1114023,7.668074068427086,7.668074068427086,0.02011219901032746,0.05991382,0.09795539,2.2257296e-05,0.04117701,0.40090162,1.0
22210000,0.97468436,80.78947368421052,1.25201,0.10684865,7.7058871922720416,7.7058871922720416,0.018778147886654262,0.067587584,0.09719007,2.2244305e-05,0.04162652,0.43704,1.0
22220000,0.962377,293.95454545454544,1.1544707,0.11179045,6.054708967619195,6.054708967619195,0.11838871200399642,0.036355864,0.09412943,2.2231317e-05,0.037503954,0.43836308,1.0
22230000,0.92980105,153.3181818181818,0.9060558,0.09983266,5.373624411702129,5.373624411702129,0.06429569100146182,0.013269415,0.09465625,2.2218312e-05,0.038335826,0.41179022,1.0
22240000,0.86201423,168.54545454545453,1.0621089,0.10316321,6.848559621787651,6.848559621787651,0.09108449560484257,0.43643332,0.098608784,2.220657e-05,0.038433507,0.33561167,1.0
22250000,0.8665462,213.47619047619048,1.2287151,0.10599717,7.1261296944514285,7.1261296944514285,0.06990394908713088,0.051317625,0.09626985,2.2194814e-05,0.035629824,0.3661145,1.0
22260000,0.8708651,65.04545454545455,1.1686405,0.09893174,6.742355039173907,6.742355039173907,0.020640457329467277,0.1615649,0.09613049,2.218186e-05,0.0408298,0.339518,1.0
22270000,0.8910937,78.52631578947368,1.2227998,0.105420895,7.554229582610883,7.554229582610883,0.02157256942193367,0.06636349,0.09437032,2.2168922e-05,0.043297384,0.3955707,1.0
22280000,0.86767215,65.0,1.0895978,0.10262149,7.749609802849591,7.749609802849591,0.016712736447516363,0.02776127,0.09330894,2.2156073e-05,0.043366924,0.37368435,1.0
22290000,0.89287394,122.95,1.1013192,0.11336941,6.440905822049622,6.440905822049622,0.050422899273689835,0.039898816,0.104116246,2.214296e-05,0.036761034,0.3634749,1.0
22300000,0.967237,121.23529411764706,0.96526456,0.09703802,7.189815205985551,7.189815205985551,0.03167289543831858,0.0010561214,0.09824842,2.2131193e-05,0.037552625,0.41414684,1.0
22310000,0.9735442,86.26315789473684,1.0781568,0.0971543,7.109323355712388,7.109323355712388,0.025707069024639696,0.0370508,0.08735692,2.2119571e-05,0.039770644,0.44173163,1.0
22320000,0.96132684,492.45,1.2369477,0.10468458,8.242594037460686,8.242594037460686,0.18757671030471101,0.059138753,0.09995102,2.2106518e-05,0.03917592,0.41487852,1.0
22330000,0.94502854,91.72222222222223,1.1091781,0.103465706,6.796164788059993,6.796164788059993,0.06675043515861034,0.10429044,0.092324056,2.2093362e-05,0.04857628,0.41128665,1.0
22340000,0.92316496,63.23529411764706,1.0088223,0.10112552,7.707286635413766,7.707286635413766,0.014977275306591764,0.009579598,0.088385195,2.2080307e-05,0.04379198,0.40908417,1.0
22350000,0.9751727,229.6086956521739,1.060228,0.09753066,5.939468272928394,5.939468272928394,0.11895856024542202,0.014304232,0.098451674,2.2068578e-05,0.038623046,0.4289334,1.0
22360000,0.967501,191.11764705882354,0.9620964,0.09914638,6.7248424095115995,6.7248424095115995,0.09179122698055033,0.070987836,0.10030965,2.2056749e-05,0.040515,0.39917904,1.0
22370000,0.9525865,560.3703703703703,1.18985,0.10006413,6.318358911494687,6.318358911494687,0.2246626671532997,0.074606024,0.09672566,2.204379e-05,0.04161571,0.4169964,1.0
22380000,0.89909637,148.5,1.0856798,0.10394248,5.941981270188677,5.941981270188677,0.23908936564112082,0.06632207,0.09457596,2.203063e-05,0.090389565,0.38823184,1.0
22390000,0.9111531,138.65,1.1296222,0.101881295,7.573921126434783,7.573921126434783,0.05397463701665402,0.06560281,0.099544175,2.201871e-05,0.039871283,0.35622865,1.0
22400000,0.9022269,107.43478260869566,1.0679368,0.08496916,5.867974539133686,5.867974539133686,0.05439948739314621,0.018429866,0.09485571,2.2006932e-05,0.039999027,0.37561446,1.0
22410000,0.899939,99.34782608695652,1.0232397,0.09074892,5.563672725372821,5.563672725372821,0.03154266358857664,0.030181253,0.09300195,2.1993868e-05,0.039538495,0.34920117,1.0
22420000,0.90962243,64.70588235294117,1.2137575,0.0940967,8.760861328419518,8.760861328419518,0.01471619792145622,0.048467595,0.10035543,2.1980883e-05,0.039827526,0.3653509,1.0
22430000,0.9138442,68.05555555555556,1.2412833,0.10206433,7.889959302213457,7.889959302213457,0.058643844832355775,0.0819441,0.103237614,2.1967813e-05,0.044883978,0.38146827,1.0
22440000,0.9309026,168.36363636363637,1.0369651,0.08868377,6.050303610827916,6.050303610827916,0.05849945456959011,0.04922414,0.09386759,2.1956135e-05,0.040532846,0.41310662,1.0
22450000,0.9079169,795.2916666666666,1.2853639,0.10074549,6.460831457350267,6.460831457350267,0.3345396136404209,0.06546101,0.09821776,2.1944466e-05,0.03876461,0.37869272,1.0
22460000,0.9382044,93.26315789473684,1.1820741,0.09385135,7.027681296593265,7.027681296593265,0.03619950188064985,0.07419575,0.095730945,2.1931477e-05,0.038272277,0.41861898,1.0
22470000,0.91451097,219.9090909090909,1.2848833,0.09357797,7.125591991461104,7.125591991461104,0.07448092275510797,0.14579657,0.098103486,2.1918511e-05,0.04172095,0.39456886,1.0
22480000,0.90457803,903.5714285714286,1.098228,0.090539835,6.072068097133489,6.072068097133489,0.3863680824350532,0.074715264,0.09488709,2.1905655e-05,0.03893748,0.3899455,1.0
22490000,0.8835616,154.1818181818182,1.026596,0.0908124,5.274376482198235,5.274376482198235,0.06642190129919485,0.26749805,0.09544888,2.1893882e-05,0.04254749,0.37031776,1.0
22500000,0.8856773,108.22727272727273,1.0787754,0.09802963,6.215658283880845,6.215658283880845,0.03562157365238471,0.12488637,0.093353905,2.188203e-05,0.03948557,0.3830647,1.0
22510000,0.8910027,136.05555555555554,0.9983069,0.090510346,6.33268474840259,6.33268474840259,0.044619446865430006,0.074860826,0.09793701,2.1868904e-05,0.039030507,0.3801485,1.0
22520000,0.87528545,75.2,1.0373241,0.091356836,6.94963158725908,6.94963158725908,0.02256370333366488,0.083675094,0.08879593,2.1855798e-05,0.037457846,0.3550631,1.0
22530000,0.9101252,96.77777777777777,1.0508388,0.101825595,6.831466670927164,6.831466670927164,0.03228318261742396,0.050820816,0.09558405,2.1842778e-05,0.037506383,0.36236113,1.0
22540000,0.91424096,213.33333333333334,1.1206137,0.09484721,8.511852197272068,8.511852197272068,0.06031807000464243,0.067858905,0.09008226,2.1831038e-05,0.041623555,0.39587754,1.0
22550000,0.89693946,172.41666666666666,1.1091691,0.09600143,6.258229267043248,6.258229267043248,0.062344525676356476,0.037954323,0.09489742,2.1819205e-05,0.037678357,0.41477352,1.0
22560000,0.8900093,76.36363636363636,1.1525233,0.104148395,6.750929684801535,6.750929684801535,0.01975557655731047,0.0525393,0.10285132,2.1806158e-05,0.03690179,0.3780118,1.0
22570000,0.87817,75.27272727272727,0.97714293,0.09448494,5.275501285944219,5.275501285944219,0.019903649086865535,0.0063139223,0.09710761,2.1793141e-05,0.039012827,0.39714298,1.0
22580000,0.9090918,97.3157894736842,0.9864929,0.097801045,6.7201378267062335,6.7201378267062335,0.027767706209009414,0.013515251,0.09803928,2.1781274e-05,0.037873227,0.3771161,1.0
22590000,0.9246403,933.9545454545455,0.98966277,0.09659081,6.062475794241205,6.062475794241205,0.4794431367296387,0.072102495,0.097080536,2.1769665e-05,0.037761267,0.3976136,1.0
22600000,0.95509857,153.76923076923077,1.2416047,0.1122032,5.887114781975802,5.887114781975802,0.06326235685168495,0.066336386,0.09517627,2.1756754e-05,0.044676743,0.4452567,1.0
22610000,0.9858646,81.29411764705883,1.0965065,0.103602365,7.945675679537303,7.945675679537303,0.024562026689048198,0.029280648,0.09860195,2.1743592e-05,0.04060916,0.44162694,1.0
22620000,0.9945363,288.7142857142857,1.1161427,0.10001446,6.741667480868792,6.741667480868792,0.11375509925364029,0.07726211,0.098232485,2.173181e-05,0.03674412,0.45388195,1.0
22630000,0.98223025,160.7391304347826,0.9607831,0.10430908,5.254590082812396,5.254590082812396,0.14572020635292257,0.039127443,0.10018995,2.1719767e-05,0.08643313,0.4543516,1.0
22640000,0.99604017,313.3333333333333,1.0094674,0.104793996,7.046906350168122,7.046906350168122,0.13616659393947986,0.09342188,0.09990039,2.1706745e-05,0.041574776,0.46148872,1.0
22650000,1.0553094,106.2,1.0596561,0.10803213,6.517764557696898,6.517764557696898,0.030768866563448682,0.033252794,0.09742884,2.1693711e-05,0.035600774,0.47660556,1.0
22660000,1.0820503,184.47826086956522,1.0790734,0.10741616,6.792803884121025,6.792803884121025,0.09048792197490516,0.104978345,0.09912889,2.1680617e-05,0.15462136,0.5196022,1.0
22670000,1.1256026,853.4516129032259,0.9266763,0.10175989,3.738934191729277,3.738934191729277,0.3175855768866078,0.033963796,0.09401233,2.1668933e-05,0.036017198,0.49779963,1.0
22680000,1.1346319,549.8965517241379,1.1009403,0.106818035,4.788533154386365,4.788533154386365,0.22716261746094898,0.03498131,0.097767524,2.1657102e-05,0.036286324,0.55794966,1.0
22690000,1.1440003,86.55,0.9676359,0.09824337,6.2044571120291945,6.2044571120291945,0.027445957233430816,0.06720985,0.09645849,2.1644124e-05,0.036364816,0.538536,1.0
22700000,1.1774677,2145.92,1.0660028,0.09684517,5.9572100739604,5.9572100739604,0.8469909810833633,0.09886507,0.09596092,2.163101e-05,0.037065603,0.59057754,1.0
22710000,1.1430488,972.0714285714286,1.193971,0.098521225,5.232303593677557,5.232303593677557,0.43674376772833057,0.072990574,0.0994177,2.1617965e-05,0.037880518,0.58313787,1.0
22720000,1.107034,111.375,1.1333765,0.09029577,4.690587560850684,4.690587560850684,0.04943666024973936,0.13361445,0.10193429,2.1606116e-05,0.040002063,0.512608,1.0
22730000,1.1203611,111.61538461538461,1.1000524,0.08509199,5.419041866399952,5.419041866399952,0.04006411744138369,0.110102214,0.094729036,2.1594356e-05,0.03852423,0.55907905,1.0
22740000,1.0598143,157.67857142857142,1.2151481,0.09270214,4.978644683506025,4.978644683506025,0.06156750381887832,0.18250632,0.10048784,2.1581222e-05,0.038429823,0.48443183,1.0
22750000,1.067487,522.1,1.0746709,0.083708525,6.627166810261758,6.627166810261758,0.35195094166556373,0.023219649,0.09298881,2.1568321e-05,0.036563434,0.52459687,1.0
22760000,1.068735,229.0,1.01525,0.083337836,4.547448528480565,4.547448528480565,0.09015934166663717,0.37486538,0.10298776,2.1556509e-05,0.038413573,0.5034836,1.0
22770000,1.0098453,113.9090909090909,1.1710596,0.09405915,6.240621376475743,6.240621376475743,0.05873189953060567,0.16276976,0.10009954,2.154475e-05,0.07932903,0.4696084,1.0
22780000,0.9576658,181.66666666666666,1.0452085,0.09142519,4.78335020240872,4.78335020240872,0.12582327276448205,0.11894512,0.10133664,2.1531765e-05,0.03782115,0.42672038,1.0
22790000,0.93195665,111.75862068965517,1.228869,0.09642485,5.442529330382332,5.442529330382332,0.03489892336074263,0.12737168,0.095526464,2.1518692e-05,0.036898147,0.39836106,1.0
22800000,0.9388094,79.79166666666667,1.1476562,0.08603682,5.44193771512558,5.44193771512558,0.028744400255770113,0.13475378,0.09477895,2.1505764e-05,0.036270864,0.39994243,1.0
22810000,0.9576599,324.90909090909093,1.0927117,0.090022355,6.566051892349657,6.566051892349657,0.13810529784214767,0.02664817,0.09352636,2.149411e-05,0.036108423,0.42213276,1.0
22820000,0.92513305,141.07407407407408,1.1436468,0.08277403,5.601017137035443,5.601017137035443,0.06322739306509632,0.08681305,0.10193785,2.1482258e-05,0.035345808,0.39214298,1.0
22830000,0.89241964,86.6923076923077,1.1147393,0.08909566,5.200623234733939,5.200623234733939,0.030973050577673487,0.08411111,0.09758501,2.1469194e-05,0.03885185,0.36529642,1.0
22840000,0.9092833,144.38095238095238,1.1670475,0.086138144,7.4666897046658525,7.4666897046658525,0.046470898846607836,0.07540786,0.097173624,2.1456115e-05,0.033364974,0.34188846,1.0
22850000,0.9537755,138.46428571428572,1.0565233,0.08304618,4.8526987069316965,4.8526987069316965,0.05092399682533661,0.21391273,0.09727171,2.1443155e-05,0.036092408,0.40343237,1.0
22860000,1.0234984,115.83333333333333,1.0958823,0.09256909,5.955083479476531,5.955083479476531,0.03712579213121595,0.064239286,0.09116981,2.1431544e-05,0.03539709,0.46208814,1.0
22870000,1.0413582,77.3913043478261,1.0068418,0.08201387,5.05227850879664,5.05227850879664,0.021266905413738088,0.026702926,0.09556568,2.1419643e-05,0.03325323,0.50936794,1.0
22880000,1.0213772,196.29166666666666,0.9479324,0.08219891,4.940604697309027,4.940604697309027,0.07872493091114545,0.047568988,0.09843206,2.1406484e-05,0.04147142,0.47868285,1.0
22890000,1.024154,300.2608695652174,1.0600544,0.091303244,6.270203974242038,6.270203974242038,0.10390125269718144,0.011452588,0.09629326,2.1393611e-05,0.034646824,0.4709006,1.0
22900000,1.0123807,88.76470588235294,1.0144216,0.08425021,8.386900706709746,8.386900706709746,0.021616279137721423,0.08649169,0.09843465,2.1380582e-05,0.033281602,0.47413063,1.0
22910000,0.92897576,117.54166666666667,1.2705957,0.086485945,6.974287225845425,6.974287225845425,0.04522016658059632,0.120730154,0.09965538,2.136886e-05,0.03860087,0.40390378,1.0
22920000,0.88965964,117.24,1.1723839,0.09141353,5.645659181767606,5.645659181767606,0.0372806731890887,0.031943407,0.101412594,2.1357126e-05,0.038940746,0.36878455,1.0
22930000,0.852341,83.27272727272727,1.1295362,0.10220199,5.3990484344011005,5.3990484344011005,0.1494809649143876,0.060076706,0.100348726,2.1344013e-05,0.13563088,0.3747152,1.0
22940000,0.88583606,287.8181818181818,1.0539898,0.105541855,6.095837275488355,6.095837275488355,0.13891478907316923,0.01240431,0.1000311,2.1330823e-05,0.037007023,0.35126203,1.0
22950000,0.8918993,74.11111111111111,1.1944935,0.09796324,8.23886688053608,8.23886688053608,0.019107971702598862,0.05698719,0.09788956,2.1318832e-05,0.035442665,0.39809203,1.0
22960000,0.8810071,101.5,1.1706983,0.09920267,7.125335629982163,7.125335629982163,0.023201972572132946,0.031701982,0.10159372,2.1307045e-05,0.03331744,0.35198033,1.0
22970000,0.8793065,131.65,1.1245632,0.090506084,6.991384170058882,6.991384170058882,0.04888832499855198,0.18441519,0.09939398,2.1293916e-05,0.035211515,0.34284312,1.0
22980000,0.877614,80.15789473684211,1.1755946,0.09602708,7.781076224226701,7.781076224226701,0.02451817297964896,0.13150054,0.09697087,2.1280843e-05,0.03538935,0.36467844,1.0
22990000,0.9217896,70.95,1.1613846,0.103290305,6.5891114756464955,6.5891114756464955,0.019302236393559723,0.07067694,0.09203259,2.1268976e-05,0.039308377,0.37487543,1.0
23000000,0.9517224,85.77777777777777,1.2151053,0.09590822,8.34732283693423,8.34732283693423,0.024574399084991053,0.10969742,0.09707876,2.1257207e-05,0.03227351,0.42150965,1.0
23010000,0.9834128,258.5,1.0588406,0.093406595,6.03998076046068,6.03998076046068,0.10330436463164953,0.050834846,0.094505265,2.1244254e-05,0.03506999,0.4403612,1.0
23020000,0.9937123,134.95238095238096,1.2418567,0.106270395,6.955164539949941,6.955164539949941,0.09194969049920994,0.121712446,0.09827034,2.1231057e-05,0.042685617,0.4675936,1.0
23030000,0.9901931,234.47619047619048,1.2392772,0.09509571,7.290776685066971,7.290776685066971,0.2000458338893839,0.24456401,0.10236043,2.1218031e-05,0.03726799,0.46230173,1.0
23040000,1.0056646,113.86363636363636,1.1047856,0.09974249,6.160559087098053,6.160559087098053,0.07117679888901049,0.11211862,0.100955985,2.120522e-05,0.048916444,0.47872192,1.0
23050000,1.0238838,69.63333333333334,1.027102,0.104051016,3.7124903893454455,3.7124903893454455,0.01928531959032019,0.024218436,0.09611359,2.1193615e-05,0.036325917,0.45044622,1.0
23060000,1.0196656,78.73684210526316,0.9421529,0.10052253,6.289413517635119,6.289413517635119,0.014594041962960833,0.008654025,0.09072898,2.1181835e-05,0.03649659,0.47807288,1.0
23070000,1.0537671,75.76470588235294,0.97375494,0.103346355,7.265532931860755,7.265532931860755,0.01585961033946232,0.021249037,0.086677626,2.1168858e-05,0.03604186,0.455584,1.0
23080000,1.0500299,112.16666666666667,0.971222,0.10674191,7.1002066103845,7.1002066103845,0.0317409930155716,0.044128712,0.0938972,2.11559e-05,0.038636822,0.4902803,1.0
23090000,1.0601351,410.1,1.040295,0.097815804,6.476358684252409,6.476358684252409,0.21581898488511797,0.11826222,0.094209686,2.1142885e-05,0.037677888,0.50220454,1.0
23100000,1.0963869,330.6190476190476,1.1117374,0.09394886,7.237382402291259,7.237382402291259,0.10307965630532376,0.09989092,0.09704909,2.113104e-05,0.03141606,0.52953285,1.0
23110000,1.0306515,416.85185185185185,1.2080369,0.09753137,6.1378803514408835,6.1378803514408835,0.14648348480221574,0.09290873,0.09570421,2.1119218e-05,0.034887247,0.5093083,1.0
23120000,1.0304277,231.08,1.1665225,0.09250321,5.54953618574075,5.54953618574075,0.08325518399477005,0.23544165,0.096174136,2.11062e-05,0.033821903,0.45503885,1.0
23130000,1.0162201,69.76,1.0477403,0.09171232,5.855065545067191,5.855065545067191,0.018297674105269834,0.12846762,0.09905195,2.1093036e-05,0.036130548,0.4740592,1.0
23140000,0.96806586,478.2,1.2216505,0.09853325,6.928139082223676,6.928139082223676,0.1877877608307504,0.09902735,0.09260866,2.1081229e-05,0.040841985,0.43043983,1.0
23150000,0.97543865,85.61904761904762,1.101024,0.10318939,6.128405622250977,6.128405622250977,0.03173821801984949,0.12328209,0.09883547,2.1069498e-05,0.04061765,0.4074459,1.0
23160000,0.99335295,162.0952380952381,0.9454035,0.094782375,6.3050809243802455,6.3050809243802455,0.05381366852670908,0.061273247,0.102276266,2.1056507e-05,0.039304696,0.42281827,1.0
23170000,0.96955943,127.34615384615384,1.2294381,0.09399906,6.075144236803883,6.075144236803883,0.04408816978145667,0.23032275,0.10026517,2.1043545e-05,0.047066618,0.41667247,1.0
23180000,1.0144854,161.65217391304347,1.2795881,0.10425841,7.178629821392455,7.178629821392455,0.0690703246459041,0.13206445,0.09921231,2.1030568e-05,0.036962703,0.41497716,1.0
23190000,0.98503286,85.0,1.3555712,0.10016013,7.713715092131966,7.713715092131966,0.0250566689003455,0.11488356,0.098161235,2.1018936e-05,0.037260704,0.45695636,1.0
23200000,1.0089831,127.63157894736842,1.1723821,0.09535264,6.810225982108693,6.810225982108693,0.037294000662912274,0.14669569,0.09788065,2.1007256e-05,0.036468886,0.4460241,1.0
23210000,0.9720434,79.05263157894737,1.225808,0.09860152,7.574549808528421,7.574549808528421,0.016198777483384077,0.03888512,0.09437003,2.0994255e-05,0.033345222,0.43268618,1.0
23220000,0.9884517,88.13636363636364,1.1646649,0.093939446,6.880304415625605,6.880304415625605,0.023573477641383015,0.1297367,0.0959452,2.0981191e-05,0.034840338,0.44762245,1.0
23230000,0.9926715,190.85,0.9973938,0.095538765,5.925751893540974,5.925751893540974,0.10294868258642964,0.03600776,0.09967971,2.096815e-05,0.039289452,0.4211441,1.0
23240000,0.9908968,94.7,1.2531556,0.10071818,7.701148743927479,7.701148743927479,0.03046367905335501,0.1794621,0.10426081,2.0956424e-05,0.032143097,0.4410956,1.0
23250000,0.9582409,75.875,1.0445551,0.09473496,8.130043610930443,8.130043610930443,0.021722898120060563,0.14820261,0.092330515,2.0944733e-05,0.033834822,0.42256874,1.0
23260000,0.95524955,203.0,1.1003553,0.08902887,6.399972080272034,6.399972080272034,0.07034958419223715,0.18358202,0.09695519,2.0931686e-05,0.03525651,0.4087627,1.0
23270000,0.9496104,579.32,1.0431097,0.093171224,5.1273562785467,5.1273562785467,0.24667139090161072,0.1999623,0.09632228,2.0918604e-05,0.039602574,0.40965852,1.0
23280000,0.9202393,279.5416666666667,1.1265384,0.09004888,5.4749023760328415,5.4749023760328415,0.16139918812084944,0.124100246,0.101769745,2.090554e-05,0.037926532,0.40754437,1.0
23290000,0.88270235,67.36,1.1107223,0.09055237,5.430067800534889,5.430067800534889,0.016827832763665354,0.121625066,0.092579424,2.089367e-05,0.032773208,0.3666795,1.0
23300000,0.89483476,102.0909090909091,1.0232179,0.08403567,6.30188426674894,6.30188426674894,0.03785820209040222,0.082385994,0.09984058,2.0881987e-05,0.035472207,0.36505046,1.0
23310000,0.8925667,73.95,1.1278509,0.08743391,7.309794442728162,7.309794442728162,0.018844934366643428,0.071640596,0.09924141,2.086897e-05,0.033379123,0.3724243,1.0
23320000,0.83878285,125.23809523809524,1.1397196,0.09550282,5.7770747224948575,5.7770747224948575,0.035845027737585564,0.052521117,0.10094547,2.0856043e-05,0.036413677,0.3524391,1.0
23330000,0.81174064,87.3529411764706,1.0262328,0.08947554,7.96225779372103,7.96225779372103,0.021812915240469223,0.019437058,0.08901394,2.0843103e-05,0.033780742,0.31380266,1.0
23340000,0.8048337,71.69565217391305,1.077547,0.09288593,5.9695354998111725,5.9695354998111725,0.016008345602566133,0.06195848,0.09642647,2.083138e-05,0.03370252,0.29931486,1.0
23350000,0.810514,65.125,1.0024673,0.08872681,7.707132527604699,7.707132527604699,0.009464974355068989,0.0015202544,0.08854977,2.0819594e-05,0.03453603,0.33369678,1.0
23360000,0.7937168,104.25,1.0139637,0.087511234,6.586492119338013,6.586492119338013,0.027612468279039605,0.025175238,0.094108105,2.0806548e-05,0.035166003,0.30073422,1.0
23370000,0.8141235,61.333333333333336,1.2036777,0.09602702,8.723243746492598,8.723243746492598,0.010103853108982245,0.05482346,0.09764155,2.0793499e-05,0.038077947,0.32599214,1.0
23380000,0.7607051,1067.7142857142858,1.0381868,0.089936264,5.862323294862465,5.862323294862465,0.3887071417245482,0.060399853,0.098148435,2.0780446e-05,0.036260102,0.29170865,1.0
23390000,0.8047308,106.15,1.0939811,0.09479299,7.201256847134846,7.201256847134846,0.030994362465571614,0.0513981,0.097094476,2.076871e-05,0.030225614,0.2955842,1.0
23400000,0.82553816,75.6470588235294,1.0761975,0.08856222,7.233687891679652,7.233687891679652,0.014082813594380723,0.16758387,0.097091846,2.0756612e-05,0.032923628,0.3289106,1.0
23410000,0.81038827,107.44444444444444,1.1152277,0.09177789,7.9893950279104455,7.9893950279104455,0.03363188446706368,0.09180643,0.097667836,2.074328e-05,0.0319456,0.3277051,1.0
23420000,0.85419214,101.05,1.0331314,0.08543503,6.435492323152721,6.435492323152721,0.031766954646445814,0.005620078,0.09702501,2.0730247e-05,0.03415578,0.3653313,1.0
23430000,0.9144453,59.0,1.1419643,0.09217927,8.645218197037192,8.645218197037192,0.013400846585521804,0.032043554,0.0854224,2.0718508e-05,0.03690944,0.35690182,1.0
23440000,0.9703732,293.3888888888889,1.0042999,0.08331199,6.958726962410664,6.958726962410664,0.11522933851099676,0.03601154,0.09897263,2.0706768e-05,0.034960136,0.40153265,1.0
23450000,0.92863965,126.35,1.067748,0.08352728,6.917991140495742,6.917991140495742,0.04156183124287054,0.06370331,0.097880654,2.0693673e-05,0.04345595,0.39898276,1.0
23460000,0.9672752,85.72222222222223,1.0765477,0.09727344,6.316987001233631,6.316987001233631,0.27071496542905354,0.019730376,0.09800439,2.0680736e-05,0.049099516,0.39303002,1.0
23470000,1.0048528,63.94117647058823,1.0962958,0.10783612,7.717289978966994,7.717289978966994,0.015222555368810016,0.063063644,0.08851638,2.0667847e-05,0.034764938,0.42769322,1.0
23480000,0.999728,218.33333333333334,1.2893853,0.10110148,8.865705000939721,8.865705000939721,0.0745505352443572,0.16509964,0.09685227,2.0656164e-05,0.03623432,0.44072592,1.0
23490000,0.9587233,66.05882352941177,1.3010708,0.10144062,8.71445695267004,8.71445695267004,0.013403841588810524,0.054628026,0.09187128,2.0644244e-05,0.034031413,0.39766708,1.0
23500000,0.97190267,95.11111111111111,1.2057972,0.10055154,7.526708278701538,7.526708278701538,0.02677537582349032,0.04607915,0.097082436,2.0631056e-05,0.03459715,0.41687912,1.0
23510000,0.9183589,98.0,1.1867577,0.10976656,6.705806188285351,6.705806188285351,0.025634265644475816,0.064147696,0.09496696,2.0618007e-05,0.03090929,0.37849337,1.0
23520000,0.92724067,139.76470588235293,1.0789388,0.09445876,7.197657384805258,7.197657384805258,0.038763235336827004,0.06335842,0.09727262,2.0605936e-05,0.031624604,0.3736323,1.0
23530000,0.94834447,100.52631578947368,1.05442,0.09129431,7.421033928464902,7.421033928464902,0.024300283623712237,0.00143229,0.097289525,2.0594343e-05,0.034385886,0.38998032,1.0
23540000,1.053339,81.5,1.0813181,0.0993111,7.237881966399273,7.237881966399273,0.01667743659022057,0.041858327,0.09436505,2.0581469e-05,0.0339257,0.4740439,1.0
23550000,1.0494817,200.56521739130434,0.9473844,0.0813553,6.013679801373181,6.013679801373181,0.07453382336192906,0.03325551,0.096827045,2.0568741e-05,0.037177365,0.49682242,1.0
23560000,1.0402976,61.411764705882355,1.1781641,0.08724909,8.9384305897881,8.9384305897881,0.01746124605757787,0.09522818,0.09388696,2.0555784e-05,0.036728833,0.48226643,1.0
23570000,1.0457999,95.11111111111111,1.2168467,0.09016058,8.751708212049884,8.751708212049884,0.02627128568322708,0.12004788,0.09301563,2.0543912e-05,0.0556854,0.45485982,1.0
23580000,1.0232968,115.72222222222223,1.2624505,0.106720924,8.022233550436795,8.022233550436795,0.1430234886550655,0.056146942,0.10098787,2.0532132e-05,0.04530736,0.5019468,1.0
23590000,1.0446951,481.0,1.1389306,0.09033685,7.146116244801784,7.146116244801784,0.1661741552678378,0.031231781,0.08908467,2.0519157e-05,0.034817453,0.4724908,1.0
23600000,1.0408739,95.54166666666667,1.1014731,0.0864387,5.625121118791867,5.625121118791867,0.029425138442282634,0.10627408,0.09243356,2.0506286e-05,0.0325438,0.49317503,1.0
23610000,1.0199032,612.6,1.148319,0.09217778,6.021979261945389,6.021979261945389,0.21023330179974437,0.06225019,0.100070074,2.0493175e-05,0.033274893,0.45843133,1.0
23620000,1.0334387,137.13636363636363,1.0609728,0.083297595,6.270273109343678,6.270273109343678,0.032631763688352126,0.06964554,0.09802229,2.0481497e-05,0.035372946,0.4591763,1.0
23630000,1.0356811,712.2631578947369,1.1433891,0.09435004,7.505485505008581,7.505485505008581,0.22690439150717698,0.048148222,0.0978659,2.0469784e-05,0.035165153,0.47166473,1.0
23640000,1.0214468,1208.1739130434783,1.072529,0.08516287,6.417353269505907,6.417353269505907,0.6027134755859151,0.05545462,0.095041215,2.0456722e-05,0.035717156,0.47465882,1.0
23650000,0.9773673,83.78571428571429,1.1654744,0.08187109,5.539213765021747,5.539213765021747,0.022311779878301814,0.17056505,0.09226134,2.0443893e-05,0.032384392,0.43630224,1.0
23660000,1.0040894,130.4,1.0617226,0.08108251,6.3118073206224885,6.3118073206224885,0.023512230153612205,0.062271077,0.09144296,2.043088e-05,0.030986255,0.46366945,1.0
23670000,0.9817951,82.69565217391305,1.1878091,0.087834254,6.645090297970629,6.645090297970629,0.030661905688854556,0.094189525,0.09238066,2.0417812e-05,0.036085345,0.4369603,1.0
23680000,0.9703041,63.3125,1.191731,0.082721025,8.734257193282247,8.734257193282247,0.012441819999366999,0.065105006,0.088135466,2.0406063e-05,0.046140835,0.43223903,1.0
23690000,0.9290323,142.78947368421052,1.1507004,0.08443921,7.502239103379572,7.502239103379572,0.04212896182128277,0.10370819,0.09250172,2.0394295e-05,0.03268659,0.41642085,1.0
23700000,0.9319369,157.13636363636363,1.1907748,0.08743305,7.220560823496086,7.220560823496086,0.1981714525308317,0.15435092,0.09332077,2.03813e-05,0.08678264,0.40744886,1.0
23710000,0.9797262,145.0909090909091,1.1079063,0.08682937,6.238995394055647,6.238995394055647,0.0456900878184983,0.05307713,0.09349551,2.0368278e-05,0.02883924,0.43096456,1.0
23720000,1.0301625,80.17241379310344,1.1765605,0.08745541,5.363676487339725,5.363676487339725,0.025094001036105228,0.0824561,0.091001086,2.0356352e-05,0.03073787,0.46439546,1.0
23730000,1.0200025,233.27777777777777,1.0986594,0.08512492,7.385951390756968,7.385951390756968,0.08884270508618404,0.09308855,0.094030425,2.0344492e-05,0.03196267,0.4948929,1.0
23740000,1.00873,99.95238095238095,1.3539072,0.08275298,8.216913540891948,8.216913540891948,0.03193725806306161,0.111605465,0.10034505,2.0331307e-05,0.030011777,0.4798401,1.0
23750000,0.96853447,123.95238095238095,1.1674289,0.08549614,7.377454659453724,7.377454659453724,0.0361614168912638,0.07777161,0.103276335,2.0318164e-05,0.030498486,0.44284278,1.0
23760000,0.93623054,198.56,1.0759095,0.08260331,5.1018823759098195,5.1018823759098195,0.08467258337885142,0.08700356,0.09644354,2.0306197e-05,0.030975025,0.38696232,1.0
23770000,0.9380643,99.54166666666667,1.2583871,0.088468656,6.060437883008872,6.060437883008872,0.03131024747621268,0.21898727,0.0935251,2.0294578e-05,0.031909924,0.4205366,1.0
23780000,0.91027707,84.14285714285714,1.076143,0.081107646,6.535749547538304,6.535749547538304,0.02545458504131862,0.077990085,0.09370372,2.0281508e-05,0.031059876,0.3960953,1.0
23790000,0.9387486,174.31578947368422,0.9213593,0.08052772,5.714827753958832,5.714827753958832,0.050585707398376575,0.012964259,0.09766972,2.0268384e-05,0.03175796,0.3972908,1.0
23800000,0.94776386,79.36842105263158,1.1949205,0.09264361,8.834529930039457,8.834529930039457,0.016239545779841904,0.08843006,0.096913815,2.0256448e-05,0.03254392,0.4178306,1.0
23810000,0.96479356,172.95238095238096,1.0169064,0.07642038,5.932844427812457,5.932844427812457,0.06404257413232699,0.07486587,0.09326548,2.0244694e-05,0.032651402,0.4115444,1.0
23820000,0.9774028,74.17647058823529,1.2291083,0.0968682,8.217207878828049,8.217207878828049,0.012450067488114454,0.057893626,0.09785033,2.0231508e-05,0.029620547,0.43502197,1.0
23830000,0.9686962,99.52941176470588,1.0464165,0.08428534,7.401130887809524,7.401130887809524,0.024134901977103093,0.04448175,0.09275309,2.021832e-05,0.030882832,0.3964677,1.0
23840000,1.0088586,117.05,1.0825597,0.07452826,7.482241391018033,7.482241391018033,0.03163217103574425,0.07887761,0.09912726,2.0206471e-05,0.03199061,0.43584263,1.0
23850000,1.0671809,68.75,1.1115144,0.08829274,6.622366470098496,6.622366470098496,0.017611704184673727,0.006651218,0.09616764,2.0194722e-05,0.030856902,0.53115386,1.0
23860000,1.1076062,113.86363636363636,1.0786742,0.08199298,6.157469656589125,6.157469656589125,0.03375202359165996,0.03346439,0.0991534,2.0181826e-05,0.030143982,0.5159074,1.0
23870000,1.1506858,291.05263157894734,1.1662916,0.09012378,7.658145065260053,7.658145065260053,0.10615509230104324,0.06469741,0.09170513,2.0168885e-05,0.030001959,0.6049082,1.0
23880000,1.1906061,93.36842105263158,1.0122496,0.08050147,6.336138353143868,6.336138353143868,0.025761446498922612,0.009084762,0.093558334,2.0155847e-05,0.030290833,0.62668544,1.0
23890000,1.2087673,542.952380952381,0.9054029,0.08098799,4.99635225434798,4.99635225434798,0.18669405717047907,0.038724665,0.09842713,2.0144094e-05,0.029649353,0.66395396,1.0
23900000,1.2212175,260.03846153846155,0.999345,0.08147857,4.844901294336768,4.844901294336768,0.0866634655724808,0.051952183,0.09544853,2.013224e-05,0.031960785,0.65948725,1.0
23910000,1.2028688,111.92,0.97379553,0.07734058,5.495646989383749,5.495646989383749,0.034868570230901244,0.039305836,0.08999527,2.0119294e-05,0.033308648,0.6585888,1.0
23920000,1.1926953,126.83333333333333,1.0176408,0.09088057,4.888851708601536,4.888851708601536,0.31238604758982547,0.0731697,0.0951342,2.0106421e-05,0.06666396,0.6567277,1.0
23930000,1.1677625,297.5882352941176,0.9248712,0.08254123,7.221863906593236,7.221863906593236,0.09639090775197152,0.07874684,0.0937479,2.0093139e-05,0.038117997,0.6268009,1.0
23940000,1.1114653,117.84,1.1396312,0.095011786,6.052695292598763,6.052695292598763,0.05705733147129649,0.11505851,0.09744515,2.0081e-05,0.036785476,0.58504003,1.0
23950000,1.0970138,110.70370370370371,1.0873901,0.08777232,5.469122596804225,5.469122596804225,0.035540635559569905,0.071115054,0.09798749,2.0069172e-05,0.039018877,0.54704916,1.0
23960000,1.1164346,86.14285714285714,1.0640258,0.08471541,6.275156579343708,6.275156579343708,0.02816843451243282,0.09282123,0.097401425,2.0056197e-05,0.03773447,0.56738365,1.0
23970000,1.0966364,815.8333333333334,1.0839496,0.08176909,4.789496680642496,4.789496680642496,0.3106046230255894,0.1416086,0.09863695,2.0043328e-05,0.037921585,0.5042716,1.0
23980000,1.1334765,76.125,1.0464981,0.08366442,6.009972475701943,6.009972475701943,0.027304823859594762,0.11879413,0.09999618,2.0031699e-05,0.03413696,0.57197,1.0
23990000,1.1078529,105.41666666666667,1.0913973,0.09017754,5.148537381748896,5.148537381748896,0.03643956316227559,0.012824048,0.09216164,2.0019777e-05,0.036494516,0.59854496,1.0
24000000,1.0329221,85.47619047619048,1.106055,0.087087385,6.929296458494806,6.929296458494806,0.023710728501014057,0.12979445,0.096053526,2.0006575e-05,0.039094396,0.49412042,1.0
24010000,1.0289868,271.05,1.2056819,0.10012154,7.18543692820271,7.18543692820271,0.2217110111261718,0.10880301,0.08995524,1.9993691e-05,0.06607947,0.50447536,1.0
24020000,1.017442,65.3125,1.0252182,0.0950547,7.697384584695101,7.697384584695101,0.021122311882209033,0.018831853,0.09046105,1.9980836e-05,0.040579345,0.46907362,1.0
24030000,0.9748652,1503.5,1.0481354,0.097907275,5.093346908167105,5.093346908167105,0.8274810612146212,0.06926931,0.08850802,1.996784e-05,0.07331339,0.4606247,1.0
24040000,0.9833859,98.2,1.1172442,0.104380675,7.0747911117970945,7.0747911117970945,0.04644734589383006,0.07452644,0.09891613,1.9956307e-05,0.037809383,0.45050353,1.0
24050000,0.94305545,136.33333333333334,1.1234764,0.095318995,7.5708911230625136,7.5708911230625136,0.04828412444072051,0.05026873,0.08978502,1.994459e-05,0.03720301,0.4355022,1.0
24060000,0.96925634,173.55,1.1675577,0.09527356,6.903906818949236,6.903906818949236,0.0713115801103413,0.07692528,0.09017958,1.993138e-05,0.040236693,0.43356723,1.0
24070000,0.9560467,204.6,1.1872668,0.0907801,6.5517178600003305,6.5517178600003305,0.07865879787132143,0.14024936,0.096956596,1.991831e-05,0.03527334,0.41597253,1.0
24080000,0.9787509,162.76190476190476,1.123736,0.09836765,6.203215736195922,6.203215736195922,0.05113959225959012,0.0151130855,0.092462465,1.9905496e-05,0.042445756,0.42076913,1.0
24090000,0.9568702,81.6470588235294,0.94172764,0.09295762,6.737755552526591,6.737755552526591,0.019582775681663084,0.005370599,0.09543785,1.9893941e-05,0.0440098,0.4297981,1.0
24100000,0.9959007,79.25,0.97930366,0.08723181,5.761623534560203,5.761623534560203,0.01764307314879261,0.021013979,0.08544104,1.988206e-05,0.037455082,0.42310992,1.0
24110000,1.025624,175.76923076923077,1.1320883,0.08747095,5.5125750622598755,5.5125750622598755,0.1589057266425628,0.106605604,0.09755436,1.9868583e-05,0.06617327,0.46533698,1.0
24120000,1.032854,271.3,1.0052879,0.08698306,6.1727714209051765,6.1727714209051765,0.09504288109455956,0.051664658,0.09166959,1.9855372e-05,0.039677378,0.4791152,1.0
24130000,1.0109824,182.38095238095238,1.1179461,0.085979454,6.7672545668846436,6.7672545668846436,0.09360137770307206,0.2478823,0.097197816,1.9843641e-05,0.03989941,0.4541785,1.0
24140000,0.978706,286.64285714285717,1.1562448,0.093951225,5.173404339014937,5.173404339014937,0.1432302044039326,0.14262277,0.09575943,1.9831878e-05,0.049247574,0.43417186,1.0
24150000,0.95563674,217.72727272727272,1.0981126,0.09308139,5.574585134835419,5.574585134835419,0.23073551671471002,0.067434594,0.100569904,1.9818846e-05,0.04690016,0.41242582,1.0
24160000,0.9488061,87.80952380952381,1.1088121,0.08484556,6.4101364105230285,6.4101364105230285,0.03634301981046086,0.119544804,0.095125064,1.980578e-05,0.038976453,0.4092908,1.0
24170000,0.9530129,126.625,1.0601782,0.09325655,5.281675414280721,5.281675414280721,0.0528940524624583,0.08529278,0.09308312,1.9792798e-05,0.052080106,0.41101044,1.0
24180000,0.97398067,129.4090909090909,0.96280855,0.08790442,5.478539808276475,5.478539808276475,0.10461500733667477,0.11686345,0.09331688,1.9780957e-05,0.039212577,0.4232124,1.0
24190000,0.9669562,236.62962962962962,1.0172982,0.08729974,5.105959146776015,5.105959146776015,0.0947410483861825,0.048347738,0.09654047,1.9769066e-05,0.0386512,0.40740746,1.0
24200000,0.9228774,91.52380952380952,1.0041183,0.089170605,5.984896749906641,5.984896749906641,0.026660175292774858,0.027119871,0.09296617,1.9756033e-05,0.03620392,0.38893062,1.0
24210000,0.91633856,118.44444444444444,1.0447248,0.08975381,7.243708143427891,7.243708143427891,0.042507247727674745,0.056030184,0.09533312,1.9743127e-05,0.035929613,0.39278644,1.0
24220000,0.9455085,204.53571428571428,0.957401,0.087029696,4.294212806064085,4.294212806064085,0.08219279605379727,0.05964079,0.09650075,1.973151e-05,0.03973291,0.40560082,1.0
24230000,0.9346439,128.86363636363637,1.0345948,0.08800465,6.065263068061044,6.065263068061044,0.05361911191986027,0.08293933,0.092640094,1.9719804e-05,0.034901902,0.400395,1.0
24240000,0.89519364,93.95652173913044,1.0150492,0.09223435,5.593234339281006,5.593234339281006,0.024659531299181726,0.012310733,0.0996608,1.9706784e-05,0.036743246,0.38014215,1.0
24250000,0.8821039,106.0,0.9849464,0.08873683,6.506772806671889,6.506772806671889,0.034981240325386784,0.022259034,0.09676862,1.9693702e-05,0.038273208,0.36569798,1.0
24260000,0.90615714,82.88888888888889,1.0465385,0.09774161,6.540551039907667,6.540551039907667,0.21035057774537969,0.036757756,0.09320399,1.968071e-05,0.06432806,0.3846361,1.0
24270000,0.90732753,302.2173913043478,0.95552236,0.08714967,5.070360420797317,5.070360420797317,0.13176549150628727,0.009970217,0.102944404,1.9669002e-05,0.03559245,0.39234793,1.0
24280000,0.93903065,119.68,1.0805185,0.09194613,6.101798379221,6.101798379221,0.0395012236200273,0.029063275,0.09682826,1.9657125e-05,0.036934946,0.40272155,1.0
24290000,0.9491119,159.66666666666666,0.9435495,0.087451324,5.917794485000929,5.917794485000929,0.0681866577804266,0.025974149,0.0988188,1.964405e-05,0.037984464,0.3937752,1.0
24300000,0.9883506,2569.9545454545455,1.0608603,0.08997821,5.907430376889163,5.907430376889163,0.9401492639497685,0.024618175,0.09866758,1.9631054e-05,0.0351892,0.4306415,1.0
24310000,1.0169737,90.1,1.056607,0.08957739,6.965490072722605,6.965490072722605,0.031493702459556516,0.048304252,0.09514923,1.961803e-05,0.0396286,0.44831842,1.0
24320000,1.0607895,221.54545454545453,1.1506156,0.09212542,6.968790827884058,6.968790827884058,0.0878245343496515,0.04296307,0.10378211,1.9606123e-05,0.0373854,0.47413254,1.0
24330000,1.0732636,239.75,1.1153194,0.09578323,6.941779107162887,6.941779107162887,0.09376863063662313,0.08578189,0.096422836,1.9594288e-05,0.041559946,0.52213347,1.0
24340000,1.0685761,157.24137931034483,1.1126074,0.098614424,5.4943116002098416,5.4943116002098416,0.05794740412370472,0.10495107,0.09562074,1.958119e-05,0.034716833,0.49597755,1.0
24350000,1.0154045,160.0,1.121534,0.09329379,5.315718119849916,5.315718119849916,0.06724845961667597,0.10445042,0.09866582,1.956792e-05,0.037544243,0.4730893,1.0
24360000,1.0076116,124.86363636363636,1.1645828,0.095701575,6.601007647702696,6.601007647702696,0.03932671157897196,0.08164465,0.09646391,1.955613e-05,0.035863344,0.47163087,1.0
24370000,0.99848616,211.33333333333334,1.0901496,0.094933145,6.0850427133396785,6.0850427133396785,0.08603330181739736,0.17361447,0.09120109,1.9544488e-05,0.036880508,0.43429428,1.0
24380000,1.0070927,117.34782608695652,1.3265079,0.09940313,7.347190284771225,7.347190284771225,0.04364056911309371,0.16361174,0.09855576,1.9531555e-05,0.038840473,0.4705798,1.0
24390000,1.0032402,119.30434782608695,1.2069916,0.093914054,6.616436208669753,6.616436208669753,0.04849786999395953,0.14038564,0.09387396,1.9518704e-05,0.038995683,0.46748596,1.0
24400000,0.9788247,117.84615384615384,1.1355611,0.087667435,5.162273511781172,5.162273511781172,0.048138860104329606,0.15194628,0.09634078,1.9505718e-05,0.03505395,0.4381358,1.0
24410000,1.019361,184.25925925925927,1.0675592,0.08872813,5.0012679600752055,5.0012679600752055,0.06607254450284893,0.017233131,0.095770374,1.9493724e-05,0.034600616,0.44133437,1.0
24420000,0.98345464,139.69565217391303,1.152059,0.09017491,6.682652752231938,6.682652752231938,0.15874410299179348,0.14796455,0.0989474,1.9482031e-05,0.07043142,0.48163456,1.0
24430000,0.96304053,839.7777777777778,1.2044679,0.09107811,5.292656594753373,5.292656594753373,0.33706731087771075,0.066057265,0.097050615,1.9469111e-05,0.034190264,0.4485897,1.0
24440000,0.95940524,61.94444444444444,1.0284365,0.08670611,6.4884986987239435,6.4884986987239435,0.016306913650815227,0.068373375,0.09590792,1.9456169e-05,0.036260623,0.4227232,1.0
24450000,0.93018913,149.33333333333334,1.0547607,0.08666384,6.442541985270336,6.442541985270336,0.056826421669462605,0.17797267,0.09956683,1.9443183e-05,0.03494715,0.37603444,1.0
24460000,0.9881064,122.96551724137932,0.99311465,0.08082439,4.3624642926641695,4.3624642926641695,0.039680615050851235,0.1597978,0.09490962,1.9430241e-05,0.03637499,0.42478046,1.0
24470000,1.0249302,134.45454545454547,1.1834234,0.09746674,6.836884795969375,6.836884795969375,0.06054771027993411,0.24016665,0.10153468,1.9418592e-05,0.04017345,0.47541726,1.0
24480000,1.0437698,191.9047619047619,1.0972381,0.09741966,6.293216106400765,6.293216106400765,0.08417560327576384,0.030584594,0.0900709,1.940695e-05,0.03481203,0.47167292,1.0
24490000,1.0208398,221.47058823529412,1.127644,0.09371242,4.834633651814857,4.834633651814857,0.08392220832073395,0.11258404,0.09554454,1.9393914e-05,0.036206257,0.47308952,1.0
24500000,0.99598575,76.75,1.2045813,0.09781503,6.545775361359119,6.545775361359119,0.025294723702245392,0.29217377,0.09926455,1.938068e-05,0.036362864,0.44699377,1.0
24510000,0.9807996,134.44444444444446,1.1811295,0.10648683,4.935093793957583,4.935093793957583,0.1258087233425333,0.50694877,0.09618765,1.9369014e-05,0.03263303,0.4534831,1.0
24520000,0.9686708,85.79166666666667,1.0380279,0.104279935,4.828610872626305,4.828610872626305,0.026894947774708272,0.13628206,0.09635186,1.9357234e-05,0.05048701,0.4264695,1.0
24530000,0.9549246,132.5,1.1632686,0.10222973,6.298107980674289,6.298107980674289,0.04500066120156341,0.054891117,0.10312952,1.9344347e-05,0.033935487,0.44027033,1.0
24540000,0.9096284,136.35,1.1414522,0.10245491,6.997198397447801,6.997198397447801,0.03900087368674576,0.16513762,0.10300909,1.9331426e-05,0.035327427,0.38884917,1.0
24550000,0.8835643,260.3703703703704,1.1533301,0.10113229,6.106855445025328,6.106855445025328,0.10073929682753428,0.091856524,0.09731823,1.9318279e-05,0.03378523,0.37252077,1.0
24560000,0.87499934,87.16,1.3111503,0.106985144,6.356731151347049,6.356731151347049,0.027371481426636517,0.09638177,0.10547475,1.9306457e-05,0.034416676,0.3706456,1.0
24570000,0.8767338,92.3,1.121818,0.10285496,6.235201883218473,6.235201883218473,0.02880755661144143,0.07408633,0.09526087,1.9294655e-05,0.036094308,0.34747475,1.0
24580000,0.89518225,186.3,1.124611,0.10219396,6.935889701377356,6.935889701377356,0.047519837555132415,0.041252483,0.095294975,1.9281724e-05,0.035299998,0.38779092,1.0
24590000,0.91537994,75.77272727272727,1.0909051,0.10120322,5.817964196312064,5.817964196312064,0.03975932524822976,0.030889088,0.096976325,1.9268744e-05,0.031819306,0.4092235,1.0
24600000,0.9399993,67.27777777777777,1.1116251,0.11145547,7.256134529908498,7.256134529908498,0.021398276013011735,0.056462955,0.0962855,1.9255565e-05,0.033018067,0.387881,1.0
24610000,0.9813825,169.21052631578948,1.1737565,0.10318975,7.708177769218419,7.708177769218419,0.051296466030180454,0.059830923,0.09676112,1.9243698e-05,0.032242466,0.4433686,1.0
24620000,0.99226975,100.52173913043478,1.1201835,0.1031442,5.98985338271798,5.98985338271798,0.031340133074833,0.053087264,0.09179004,1.9231913e-05,0.032974802,0.4741485,1.0
24630000,0.98570234,2864.090909090909,1.0253824,0.10037661,3.893593263708026,3.893593263708026,1.102882781059827,0.10222018,0.09735274,1.9219015e-05,0.033615176,0.45210338,1.0
24640000,1.0174729,66.25925925925925,1.0481541,0.10805849,4.921444306874441,4.921444306874441,0.019275387154064245,0.09598627,0.096763104,1.9205941e-05,0.03421556,0.47654447,1.0
24650000,0.9792748,104.04166666666667,1.1350687,0.1057721,6.304112325239909,6.304112325239909,0.03442813661725571,0.122212514,0.09274265,1.91941e-05,0.037473954,0.4479794,1.0
24660000,0.9161106,259.4642857142857,1.0921249,0.103681535,5.378972844333212,5.378972844333212,0.14247792729411554,0.10948837,0.09803279,1.9182306e-05,0.045665868,0.39497405,1.0
24670000,0.8859182,95.4,1.0402321,0.105954446,6.533774087345227,6.533774087345227,0.026458677591290326,0.14271373,0.09246881,1.9169387e-05,0.03634547,0.39329317,1.0
24680000,0.81758446,65.4375,1.0684458,0.11019952,7.682321257889271,7.682321257889271,0.01889638123975601,0.08576926,0.101761326,1.9156409e-05,0.03816913,0.34988186,1.0
24690000,0.795569,115.77777777777777,1.0143553,0.11106562,7.169141564819523,7.169141564819523,0.03875943148673019,0.053837996,0.09149176,1.9143412e-05,0.05143836,0.32577974,1.0
24700000,0.8537959,109.6086956521739,1.0681274,0.12367401,4.857684411186104,4.857684411186104,0.14105038733655798,0.023011405,0.09533889,1.9130453e-05,0.043965485,0.36077133,1.0
24710000,0.85678315,111.84615384615384,0.97323143,0.11119259,5.584321801447704,5.584321801447704,0.04935309992582076,0.06865267,0.094536126,1.9118776e-05,0.03529267,0.34298623,1.0
24720000,0.8481162,87.8695652173913,1.1227329,0.11134271,6.162284264948381,6.162284264948381,0.024639166185411537,0.048198793,0.09309181,1.910709e-05,0.039105643,0.35818276,1.0
24730000,0.8641866,64.92307692307692,1.056404,0.11352992,5.428315913268866,5.428315913268866,0.023961591776102208,0.12383084,0.09477191,1.9093783e-05,0.03716711,0.36961278,1.0
24740000,0.89886576,81.45,0.9885032,0.11444991,6.527315084636212,6.527315084636212,0.019999111513607205,0.032665253,0.09903014,1.90808e-05,0.037241764,0.37598208,1.0
24750000,0.9088855,201.14285714285714,1.0730784,0.119642906,6.645735412066469,6.645735412066469,0.07244646515963334,0.038888197,0.091776945,1.9067807e-05,0.037373908,0.37745076,1.0
24760000,0.95377266,155.7,1.131924,0.110715546,7.452963218191871,7.452963218191871,0.057741464604623614,0.11351867,0.095035285,1.9056068e-05,0.037025705,0.4228333,1.0
24770000,0.9878869,119.82608695652173,1.0789076,0.09916339,5.879185836998817,5.879185836998817,0.0385341959975093,0.029774655,0.096513666,1.90441e-05,0.03459529,0.4463137,1.0
24780000,0.98741525,113.18518518518519,1.0509945,0.1079029,4.433222840747072,4.433222840747072,0.04829801420500088,0.054063074,0.09644048,1.9030962e-05,0.036567744,0.46594334,1.0
24790000,0.9789658,86.52,1.1004883,0.10757474,6.072586685971255,6.072586685971255,0.028459443680767436,0.077198096,0.100196235,1.9019088e-05,0.03861069,0.41825792,1.0
24800000,1.008819,274.1,1.1534293,0.10594914,7.785205937285556,7.785205937285556,0.0915429433225654,0.08611105,0.09339498,1.9007362e-05,0.034679245,0.44793433,1.0
24810000,0.9912656,137.08333333333334,1.1081231,0.107356735,5.25224562106708,5.25224562106708,0.04857300662357981,0.06197237,0.10178747,1.8994298e-05,0.034212742,0.48622712,1.0
24820000,0.9861385,73.38888888888889,1.070731,0.11249252,7.504500321216053,7.504500321216053,0.014912538217484124,0.03453189,0.09882413,1.8981193e-05,0.035998225,0.46411267,1.0
24830000,0.98132193,68.94736842105263,1.1189522,0.10029266,7.749203998791544,7.749203998791544,0.015379731420819697,0.067265116,0.09501914,1.8968109e-05,0.034912728,0.47314414,1.0
24840000,0.96136856,82.88888888888889,1.2067509,0.10614585,8.070742418368658,8.070742418368658,0.029704714982977345,0.061615333,0.096110575,1.8956249e-05,0.041224565,0.44405925,1.0
24850000,0.97488254,132.11764705882354,1.1056974,0.10685814,7.231235084431992,7.231235084431992,0.0467340562848703,0.07836513,0.09502264,1.8944538e-05,0.036205404,0.4383657,1.0
24860000,1.008497,525.8571428571429,1.0435522,0.11211213,6.33095994038578,6.33095994038578,0.2166414053201498,0.025881985,0.095255196,1.8931563e-05,0.32924643,0.47784886,1.0
24870000,1.0351484,78.44444444444444,1.0895576,0.12854315,7.606103191462656,7.606103191462656,0.029513677168223593,0.06118978,0.09436437,1.8918574e-05,0.036144014,0.47600698,1.0
24880000,1.0395364,89.05,1.1600922,0.11562578,7.332458838509774,7.332458838509774,0.02415577119681984,0.0787312,0.09368287,1.89057e-05,0.034907475,0.47745728,1.0
24890000,1.027486,62.470588235294116,1.1678334,0.11249809,7.9343110673567825,7.9343110673567825,0.3139886582023738,0.15698051,0.094390064,1.889409e-05,0.07078121,0.5029744,1.0
24900000,1.0449772,73.88235294117646,1.219962,0.10648001,9.09148021831232,9.09148021831232,0.02258818654124351,0.07246373,0.09417488,1.8882329e-05,0.036144488,0.51457965,1.0
24910000,1.0404049,63.9375,1.171072,0.10787344,8.662229491397738,8.662229491397738,0.013245177106000483,0.16187418,0.10097245,1.8869108e-05,0.033585243,0.5163701,1.0
24920000,0.98844516,83.63157894736842,1.1532995,0.11157138,6.866507644716062,6.866507644716062,0.02074545802009341,0.060164995,0.09605963,1.8855839e-05,0.03362816,0.45950207,1.0
24930000,0.96856356,128.1578947368421,1.0641798,0.11236727,7.6484879801956644,7.6484879801956644,0.03857164098391015,0.038899012,0.09562169,1.8842857e-05,0.031904113,0.46823135,1.0
24940000,0.9365565,66.3529411764706,1.2608907,0.115857705,8.785995316856047,8.785995316856047,0.01634418441201834,0.09951476,0.09791908,1.8831055e-05,0.03263853,0.41391262,1.0
24950000,0.9286743,74.27777777777777,1.1747259,0.13155413,7.007996617092027,7.007996617092027,0.1411831910178686,0.12775782,0.098219395,1.8819295e-05,0.050949953,0.40864602,1.0
24960000,0.9186119,65.5,1.04542,0.115893245,7.684853330254555,7.684853330254555,0.02875647318433039,0.061796505,0.09382532,1.8806346e-05,0.03924652,0.43089628,1.0
24970000,0.912357,75.52631578947368,1.200337,0.13249865,8.417646313968458,8.417646313968458,0.024780640623679285,0.057913102,0.09710363,1.8793415e-05,0.05102869,0.41306296,1.0
24980000,0.8927938,65.3125,1.0377532,0.12785307,7.739429479464889,7.739429479464889,0.015030089067295194,0.0068942076,0.1014938,1.8780294e-05,0.035371296,0.37566864,1.0
24990000,0.91012305,65.3125,1.0325572,0.13469279,7.730437619611621,7.730437619611621,0.019763237491133623,0.07210663,0.10075804,1.876873e-05,0.034610044,0.41417474,1.0
25000000,0.9353268,73.78947368421052,1.2203043,0.13650768,8.24720291087502,8.24720291087502,0.018717909342070158,0.10959575,0.100865826,1.8756982e-05,0.033538662,0.42269117,1.0
25010000,0.9268273,80.5,1.104769,0.13636023,7.475964670379956,7.475964670379956,0.017725153502801225,0.021879764,0.093436465,1.8744107e-05,0.033525527,0.39319175,1.0
25020000,0.9471361,225.8235294117647,1.1041521,0.13686156,8.329769730218098,8.329769730218098,0.21071347944876728,0.11128507,0.090179846,1.873112e-05,0.03304074,0.42839593,1.0
25030000,0.9263017,65.81818181818181,1.4092417,0.14349166,8.157514931126075,8.157514931126075,0.015630884858017616,0.0743594,0.096488364,1.8718149e-05,0.031691104,0.41175014,1.0
25040000,0.9491887,75.05263157894737,1.0726894,0.12166701,6.715351656433389,6.715351656433389,0.015676787317109604,0.04597642,0.09836359,1.870648e-05,0.030277157,0.38847902,1.0
25050000,0.9240812,82.11111111111111,1.2954926,0.15285523,8.530115624791698,8.530115624791698,0.023166840601908534,0.08206178,0.10376255,1.8694709e-05,0.03282208,0.44612688,1.0
25060000,0.95770144,102.66666666666667,1.2101129,0.1401524,9.14665280720767,9.14665280720767,0.01477342751561938,0.12180004,0.09881469,1.868171e-05,0.03399778,0.4122997,1.0
25070000,0.98665524,56.8421052631579,1.1223354,0.1419483,6.978700371618015,6.978700371618015,0.033571054013737014,0.2660938,0.09599838,1.8668794e-05,0.03313391,0.44731632,1.0
25080000,1.0041627,73.16666666666667,1.2393954,0.1454149,8.202500467499098,8.202500467499098,0.019852035588377878,0.10900156,0.09197347,1.8655752e-05,0.031253967,0.47267875,1.0
25090000,0.972957,70.05882352941177,1.2383494,0.13748619,8.89555979826871,8.89555979826871,0.0206119068144985,0.094025835,0.1015213,1.8642831e-05,0.030610997,0.44680437,1.0
25100000,0.9841647,74.38888888888889,1.099507,0.1441714,7.367042104403178,7.367042104403178,0.02321528435115599,0.023973871,0.09780646,1.8631266e-05,0.03231347,0.46460682,1.0
25110000,1.0078465,59.5625,1.132795,0.14555524,8.626443728804588,8.626443728804588,0.013256957958219573,0.021150108,0.095132425,1.8619514e-05,0.03279788,0.4493521,1.0
25120000,0.98914444,80.27777777777777,1.124665,0.14794424,7.54361093044281,7.54361093044281,0.015819759379761916,0.02665416,0.08956639,1.8606435e-05,0.031221056,0.48351392,1.0
25130000,0.96984965,76.61111111111111,1.2597297,0.15379447,9.26275629301866,9.26275629301866,0.029275252962381475,0.101554014,0.094563976,1.8593526e-05,0.033263344,0.42699996,1.0
25140000,0.94433564,64.0,1.1409681,0.15443899,7.891755044460297,7.891755044460297,0.012530238244353849,0.0035640646,0.09343879,1.8580595e-05,0.032631822,0.4276704,1.0
25150000,0.9258879,75.94117647058823,1.0319401,0.16215807,7.236950586823856,7.236950586823856,0.012084878926329753,0.00090621423,0.0965504,1.856891e-05,0.029595107,0.40976405,1.0
25160000,0.91526675,69.94117647058823,1.0723101,0.15980135,8.027993561590419,8.027993561590419,0.030484872199047136,0.026857793,0.09603098,1.8557186e-05,0.032431323,0.37913287,1.0
25170000,0.9187449,620.9473684210526,1.1983924,0.1737353,7.664608147838605,7.664608147838605,0.24091197305211895,0.10060557,0.09318438,1.8544215e-05,0.033486567,0.39514834,1.0
25180000,0.88159686,63.22222222222222,1.2922772,0.1922492,8.771310830281841,8.771310830281841,0.02689275202444858,0.05260095,0.09419895,1.8531126e-05,0.0364392,0.372078,1.0
25190000,0.9060901,100.47368421052632,1.2450938,0.18338872,7.5964472078179055,7.5964472078179055,0.035681535453094465,0.051930197,0.09747197,1.8518145e-05,0.032850765,0.39936885,1.0
25200000,0.94847155,60.22222222222222,1.2308146,0.1940317,8.232961820231544,8.232961820231544,0.012789110083960824,0.060043376,0.09491067,1.8506484e-05,0.030340893,0.41257495,1.0
25210000,0.9297347,620.0,1.1364278,0.19149229,6.616190164001985,6.616190164001985,0.6005436299540299,0.06331227,0.09487806,1.8494713e-05,0.03179238,0.39060736,1.0
25220000,0.9701834,78.27777777777777,1.2252461,0.19630797,8.245244029495451,8.245244029495451,0.020589848708671827,0.04889018,0.09577302,1.8481645e-05,0.030495789,0.45580536,1.0
25230000,0.9418501,292.22727272727275,1.155153,0.18535368,6.015255952236244,6.015255952236244,0.07937472114215118,0.091244444,0.0971173,1.8468483e-05,0.03172276,0.4293612,1.0
25240000,0.9213859,78.42105263157895,1.0387578,0.19413842,6.651082486698502,6.651082486698502,0.034537979524190486,0.07211008,0.0938576,1.8455583e-05,0.03587317,0.41788825,1.0
25250000,0.9441352,79.72727272727273,1.2078794,0.19536486,7.27171777993102,7.27171777993102,0.030042681419713932,0.089246765,0.09755063,1.8443876e-05,0.034974985,0.41885504,1.0
25260000,0.94601005,63.25,1.1265264,0.19588564,8.755035687237978,8.755035687237978,0.0179934299812885,0.10506836,0.10189493,1.8432153e-05,0.034016337,0.44114226,1.0
25270000,0.93535,104.55555555555556,1.1342125,0.18603447,7.465020318885966,7.465020318885966,0.03666762954607192,0.050717484,0.09428518,1.841917e-05,0.037478533,0.43529814,1.0
25280000,0.91255957,85.76190476190476,1.2194738,0.17960483,7.607189212526594,7.607189212526594,0.025819065725608242,0.073485844,0.09737502,1.8406126e-05,0.035067122,0.41838616,1.0
25290000,0.94805825,65.25,1.1083337,0.18704939,7.731232834979892,7.731232834979892,0.015704379227827303,0.10174348,0.104615785,1.839325e-05,0.03338795,0.43547803,1.0
25300000,0.9399357,78.72222222222223,1.2388152,0.1957436,8.500864803791046,8.500864803791046,0.03300016271209137,0.10393877,0.08993653,1.8380419e-05,0.042084597,0.44490647,1.0
25310000,0.9408467,155.05263157894737,1.1869376,0.20664814,7.787754690728829,7.787754690728829,0.3992144610781811,0.059533846,0.09976177,1.8368873e-05,0.5011212,0.44725308,1.0
25320000,0.90839505,143.05555555555554,1.1775784,0.19242877,8.505183274935863,8.505183274935863,0.08287041995893507,0.06775486,0.09649136,1.8357247e-05,0.034029778,0.43205565,1.0
25330000,0.88276654,73.3157894736842,1.323863,0.1954491,8.524980080127715,8.524980080127715,0.020033014891669153,0.114094555,0.09979485,1.8344335e-05,0.03255666,0.40230685,1.0
25340000,0.8969189,60.0,1.2327121,0.19739376,8.554246416315436,8.554246416315436,0.013862808118574321,0.050754476,0.09269061,1.8331259e-05,0.033657216,0.42248267,1.0
25350000,0.91456795,102.9047619047619,1.2900021,0.20425841,6.909474650010712,6.909474650010712,0.036455231375016627,0.2437096,0.09464821,1.8318322e-05,0.034886684,0.42815194,1.0
25360000,0.9514506,907.7222222222222,1.0723552,0.20821127,6.337896628236454,6.337896628236454,0.37584211203890544,0.117097594,0.09400712,1.830651e-05,0.032541826,0.45794177,1.0
25370000,0.93460566,89.68181818181819,1.1263711,0.19823879,6.57004336640052,6.57004336640052,0.026641585604838012,0.05557549,0.10051431,1.8294853e-05,0.03373822,0.4239091,1.0
25380000,0.9260183,90.05,1.0801749,0.19411904,6.905032395757734,6.905032395757734,0.0428527346579358,0.21396181,0.09381856,1.8281968e-05,0.03549301,0.426589,1.0
25390000,0.9206915,72.16666666666667,1.1105561,0.18484601,8.186653247650932,8.186653247650932,0.01451596845050945,0.059728913,0.09600518,1.8268978e-05,0.034011886,0.40983096,1.0
25400000,0.8975315,99.27777777777777,1.1917787,0.18820402,8.892900749730567,8.892900749730567,0.03965646103541884,0.10590925,0.100107685,1.8255774e-05,0.03371225,0.43559694,1.0
25410000,0.884166,72.10526315789474,1.207178,0.18843699,7.17473394756671,7.17473394756671,0.015120221977122128,0.027410869,0.0983292,1.8242727e-05,0.031291205,0.39540586,1.0
25420000,0.9365942,139.0,1.1641927,0.18460113,7.690327923663265,7.690327923663265,0.04766423797183153,0.09772465,0.1010745,1.823121e-05,0.035880014,0.42126295,1.0
25430000,0.90271395,93.19047619047619,1.3434148,0.19065033,8.226067914139657,8.226067914139657,0.031100389359164097,0.10983026,0.09860496,1.82194e-05,0.033460405,0.42128643,1.0
25440000,0.9025695,77.0,1.206621,0.19042473,7.293091413693037,7.293091413693037,0.1328901738859713,0.14550003,0.10108463,1.820624e-05,0.039389793,0.40070224,1.0
25450000,0.9116473,64.6,1.2704047,0.19159311,7.592355753481388,7.592355753481388,0.01894217830431444,0.082917646,0.09444233,1.8192924e-05,0.034904987,0.41323423,1.0
25460000,0.8846875,73.29411764705883,1.2199832,0.1963527,8.184364813653861,8.184364813653861,0.03373257089954089,0.09504232,0.098873556,1.8181108e-05,0.03654164,0.4195775,1.0
25470000,0.8310252,68.77777777777777,1.1517459,0.19607666,8.004272835122215,8.004272835122215,0.01919987619233628,0.024970796,0.09830278,1.8169418e-05,0.034577392,0.3695678,1.0
25480000,0.8587492,79.94444444444444,1.1154616,0.18199442,7.560065413514773,7.560065413514773,0.019131451094936993,0.022697708,0.09369423,1.8156234e-05,0.03138163,0.36165926,1.0
25490000,0.8814693,65.1875,1.1339098,0.18492767,7.464380636811256,7.464380636811256,0.4381357902166201,0.09018255,0.09758767,1.814323e-05,0.054647435,0.38882405,1.0
25500000,0.8929906,74.52941176470588,1.0914875,0.17453338,8.18818761495983,8.18818761495983,0.015516725944026429,0.047058497,0.09963236,1.8130264e-05,0.037400834,0.40749735,1.0
25510000,0.8549319,69.27777777777777,1.1861992,0.17991202,8.07592491308848,8.07592491308848,0.025213405192415748,0.030134734,0.09307286,1.8118544e-05,0.032918893,0.41063297,1.0
25520000,0.82915574,75.94117647058823,1.0394595,0.17036746,7.214991970973856,7.214991970973856,0.015720662304802853,0.0024816426,0.09833906,1.8106664e-05,0.03433189,0.3434186,1.0
25530000,0.854189,65.375,1.0460593,0.17928277,7.735649670474231,7.735649670474231,0.01753389863006305,0.054355234,0.09370124,1.80938e-05,0.034570023,0.3777401,1.0
25540000,0.91914785,76.17647058823529,1.0204886,0.1781866,7.231532756020041,7.231532756020041,0.01775170658605502,0.053724386,0.09748928,1.808065e-05,0.036583204,0.4015545,1.0
25550000,0.9731473,69.77777777777777,1.1218321,0.17784098,8.024690753883785,8.024690753883785,0.015802401312006015,0.02613109,0.1030464,1.806888e-05,0.033639863,0.4477648,1.0
25560000,0.95222783,73.29411764705883,1.1131111,0.1777317,8.177450073115965,8.177450073115965,0.014835093855200446,0.03157236,0.09617681,1.8057175e-05,0.033588495,0.4552551,1.0
25570000,0.930882,287.6842105263158,1.2428813,0.17698158,8.99773452827376,8.99773452827376,0.09674046121194567,0.13420668,0.09849155,1.804391e-05,0.03425452,0.43775797,1.0
25580000,0.97964907,65.375,1.0908772,0.17898852,7.8102669063955545,7.8102669063955545,0.01640622982813511,0.048810005,0.09766889,1.8030903e-05,0.034436382,0.4740438,1.0
25590000,1.0038908,70.27777777777777,1.2186836,0.17413996,9.075706644190682,9.075706644190682,0.013109896125064956,0.06911768,0.09834956,1.8017874e-05,0.032721557,0.4926854,1.0
25600000,0.98659885,74.82352941176471,1.0955646,0.16057907,8.178385480361825,8.178385480361825,0.014435505056205918,0.0012177733,0.095889986,1.800613e-05,0.033100184,0.51016223,1.0
25610000,1.0516148,72.76470588235294,1.1802185,0.15024072,8.963555192246156,8.963555192246156,0.01658499492880176,0.06869123,0.09549485,1.7994456e-05,0.032678805,0.52050495,1.0
25620000,1.0776821,74.82352941176471,1.1671628,0.16224371,8.188828345607309,8.188828345607309,0.0168548432754024,0.049095124,0.09305732,1.7981414e-05,0.034327723,0.55858785,1.0
25630000,1.0806158,65.5,1.0970638,0.15259148,8.565173655748367,8.565173655748367,0.013923384161898866,0.018977065,0.09672276,1.7968474e-05,0.031487804,0.5848293,1.0
25640000,1.0783949,660.952380952381,1.1465166,0.16094507,7.0429442036072984,7.0429442036072984,0.2214894485050103,0.08138379,0.097345024,1.7955466e-05,0.036916696,0.5373079,1.0
25650000,1.0723184,521.1428571428571,1.1455306,0.1643754,6.757953515141811,6.757953515141811,0.19553227850632365,0.02901803,0.09819715,1.7943767e-05,0.03474843,0.5643589,1.0
25660000,1.1057433,77.73684210526316,1.1864569,0.16315763,7.744567459351138,7.744567459351138,0.018611262956830233,0.038341224,0.10169031,1.7932056e-05,0.032064393,0.58420235,1.0
25670000,1.1400279,98.04545454545455,1.1896678,0.18121028,6.335745578047326,6.335745578047326,0.04471437133510004,0.032791227,0.10355218,1.791905e-05,0.038717896,0.65143746,1.0
25680000,1.1542456,2177.05,1.0166124,0.1656532,5.88417740401294,5.88417740401294,0.7737741424876731,0.01957354,0.097825825,1.7905915e-05,0.031142334,0.62754977,1.0
25690000,1.1426266,4469.944444444444,0.961685,0.15210763,6.218925219225445,6.218925219225445,1.525146217421732,0.022871355,0.0954934,1.7894046e-05,0.030743554,0.6618672,1.0
25700000,1.1287619,100.72727272727273,1.1375879,0.17585856,6.4625155852462,6.4625155852462,0.177447651269507,0.064043224,0.102113426,1.7882263e-05,0.03149806,0.6495313,1.0
25710000,1.0961058,79.875,0.96927124,0.15494205,7.375939428806305,7.375939428806305,0.1089890504226787,0.07380634,0.10071425,1.786932e-05,0.051364444,0.61150575,1.0
25720000,1.1036942,75.76470588235294,1.0731543,0.16814761,8.270704790949821,8.270704790949821,0.019187468220479786,0.018444803,0.09138957,1.7856424e-05,0.035134483,0.6380404,1.0
25730000,1.0457643,118.35,1.2085779,0.16107538,7.438187767053023,7.438187767053023,0.05665436452254653,0.06286029,0.096094236,1.7843311e-05,0.035382263,0.5570494,1.0
25740000,0.97235554,1372.7142857142858,1.1536236,0.14989257,7.037671747533057,7.037671747533057,0.43092201715494,0.02908409,0.090875156,1.7831582e-05,0.03395786,0.52225375,1.0
25750000,0.9955608,92.0952380952381,1.1085949,0.15157308,7.000674960762263,7.000674960762263,0.027223985106684268,0.08973545,0.09379233,1.7819813e-05,0.03657493,0.50184804,1.0
25760000,0.9435485,78.3,1.0666265,0.14347738,6.118754002495691,6.118754002495691,0.02908367577141949,0.08864991,0.10078125,1.7806795e-05,0.03312076,0.47263414,1.0
25770000,0.9072071,87.35,1.104254,0.14626804,7.327485438704025,7.327485438704025,0.029790017358027398,0.067583404,0.093827985,1.779364e-05,0.03268,0.46176594,1.0
25780000,0.8713196,124.04545454545455,1.218831,0.14024532,7.216062147620193,7.216062147620193,0.05176812355586497,0.15274496,0.10178542,1.7780567e-05,0.039241344,0.4217422,1.0
25790000,0.8708602,81.13636363636364,1.193127,0.13808602,6.74082357368686,6.74082357368686,0.026165947019101375,0.066612855,0.09329304,1.776891e-05,0.033224143,0.41899073,1.0
25800000,0.8929843,122.0,1.1958109,0.13244699,7.213406156007708,7.213406156007708,0.05063841665502299,0.10701634,0.09700303,1.775716e-05,0.035256557,0.41088438,1.0
25810000,0.89437413,1710.8,1.2351352,0.14782003,7.420605679584584,7.420605679584584,0.7306772446841933,0.2688312,0.099946484,1.7744058e-05,0.03504344,0.43660507,1.0
25820000,0.900981,129.9,1.200135,0.14884569,7.116986441392328,7.116986441392328,0.09056442888686433,0.08078571,0.09167436,1.7731198e-05,0.044481136,0.43922696,1.0
25830000,0.96935177,95.85,1.1323717,0.13752143,7.197075034677982,7.197075034677982,0.04122840052004904,0.087777816,0.10028882,1.771821e-05,0.034114268,0.47317958,1.0
25840000,0.89414465,85.04347826086956,1.4100931,0.14155659,8.52784920102157,8.52784920102157,0.02601774845717718,0.1404635,0.09490174,1.7706556e-05,0.032614782,0.46665448,1.0
25850000,0.85451776,66.41176470588235,1.1435379,0.14272763,7.230416474973454,7.230416474973454,0.015377740759183378,0.031009737,0.09009864,1.7694892e-05,0.0341247,0.41628662,1.0
25860000,0.8688463,73.47058823529412,1.1309509,0.14157996,8.130257063052234,8.130257063052234,0.01335428377120372,0.037777413,0.09100618,1.7682018e-05,0.033404615,0.40611997,1.0
25870000,0.873044,70.0,1.1808321,0.14751507,8.774170165552812,8.774170165552812,0.04592370741781505,0.031781822,0.080048576,1.7669034e-05,0.038903613,0.42179313,1.0
25880000,0.8620132,76.47058823529412,1.0354879,0.14063114,7.03926252014935,7.03926252014935,0.02869334220304154,0.0924982,0.0918147,1.7656068e-05,0.0333407,0.42006344,1.0
25890000,0.8608678,148.72222222222223,1.1921595,0.14913706,7.617973087134918,7.617973087134918,0.04182734295088602,0.049120404,0.095349886,1.7643073e-05,0.034398876,0.41067615,1.0
25900000,0.86527294,402.1578947368421,1.1516287,0.13477004,8.061934544394544,8.061934544394544,0.15313808611398072,0.040008277,0.09779364,1.7631337e-05,0.035916932,0.4099567,1.0
25910000,0.86026794,68.94444444444444,1.1429911,0.13645473,7.849487357669407,7.849487357669407,0.02049233953908293,0.13265309,0.093811944,1.7619632e-05,0.035378177,0.4132411,1.0
25920000,0.8174875,77.47368421052632,1.296167,0.1439127,8.36987924262097,8.36987924262097,0.026356611792978487,0.078461505,0.09712918,1.7606766e-05,0.036149062,0.3884716,1.0
25930000,0.7785541,98.33333333333333,1.197695,0.13118277,7.8527751142909334,7.8527751142909334,0.022947895554049563,0.075764455,0.09786522,1.7593908e-05,0.035556525,0.34640974,1.0
25940000,0.7764613,71.41176470588235,1.079966,0.13801974,7.238954339696861,7.238954339696861,0.02145795655601165,0.06682928,0.09509885,1.7580855e-05,0.036388416,0.34542105,1.0
25950000,0.77175605,92.2,1.1235806,0.14212911,6.9779938098639835,6.9779938098639835,0.023542362486477942,0.031172892,0.09624189,1.7567905e-05,0.035000138,0.33627218,1.0
25960000,0.7980336,70.11764705882354,1.1384916,0.13246666,8.49617812037468,8.49617812037468,0.018854865927577895,0.030500675,0.09449212,1.7556265e-05,0.035941254,0.37206137,1.0
25970000,0.8164768,68.47058823529412,1.2449925,0.12800875,8.98793943664607,8.98793943664607,0.022195433649946663,0.08401169,0.10214637,1.7544511e-05,0.03434938,0.35587266,1.0
25980000,0.83447653,63.0625,1.1500393,0.124347135,8.697253480553627,8.697253480553627,0.027922788649448194,0.09244912,0.09910561,1.7531345e-05,0.035872884,0.38651827,1.0
25990000,0.8226843,76.17647058823529,1.0119227,0.12081961,7.199878506800708,7.199878506800708,0.015382222502547152,0.0021849659,0.1000128,1.7518403e-05,0.0329406,0.37779295,1.0
26000000,0.8775227,78.65,1.2346472,0.12361956,8.261734030748668,8.261734030748668,0.018898500460445097,0.0682807,0.09608422,1.750659e-05,0.030537035,0.39522094,1.0
26010000,0.9037879,67.46666666666667,0.91506904,0.112656005,7.076276697218418,7.076276697218418,0.01546626933850348,0.037338383,0.09266059,1.7494689e-05,0.036125932,0.40191883,1.0
26020000,0.95468664,68.0,1.243302,0.09498466,9.859880342203027,9.859880342203027,0.017851466477355537,0.09973419,0.09664987,1.7481487e-05,0.033888537,0.47891706,1.0
26030000,0.97394663,72.83333333333333,1.2127389,0.09800473,8.188272188107172,8.188272188107172,0.017246981332492497,0.03677917,0.10279026,1.7468457e-05,0.036910348,0.4806858,1.0
26040000,0.9862848,72.29411764705883,1.2552681,0.10193892,9.11886715187746,9.11886715187746,0.02125013612813371,0.12120193,0.09819663,1.7455495e-05,0.033505432,0.48335585,1.0
26050000,1.0461168,73.41176470588235,1.2275444,0.10518848,9.110091374200934,9.110091374200934,0.014499863828806317,0.04882884,0.09574728,1.744374e-05,0.0316029,0.5256475,1.0
26060000,1.058112,64.05882352941177,1.144569,0.108984604,7.800090428660898,7.800090428660898,0.010304779060842359,0.037251346,0.099063866,1.7432008e-05,0.031466726,0.53642666,1.0
26070000,1.0863928,84.27777777777777,1.1811986,0.104167536,9.16587639205596,9.16587639205596,0.01309817035764675,0.07586928,0.094707936,1.7419037e-05,0.029745113,0.56146693,1.0
26080000,1.1055988,63.0625,1.225005,0.10545509,9.409973996527055,9.409973996527055,0.02050608258201357,0.08075889,0.09779374,1.7405906e-05,0.034305133,0.5981741,1.0
26090000,1.1321772,73.6470588235294,1.1605747,0.10366106,7.98362730180516,7.98362730180516,0.01364378839292947,0.02180609,0.09189829,1.7394048e-05,0.03031648,0.61046535,1.0
26100000,1.1649724,464.1666666666667,1.0854716,0.105371304,7.244071686148042,7.244071686148042,0.31519752293307746,0.01248384,0.093017854,1.738221e-05,0.032294028,0.63022304,1.0
26110000,1.2130233,95.94736842105263,1.0162868,0.097423084,7.200974453436701,7.200974453436701,0.023449485018653304,0.015605828,0.093628995,1.736908e-05,0.028055012,0.67534596,1.0
26120000,1.1832572,65.22222222222223,1.1451814,0.09602168,8.09034028980467,8.09034028980467,0.013566052670487098,0.091125116,0.09073691,1.7355938e-05,0.04245608,0.6973773,1.0
26130000,1.1431216,81.6,1.2249966,0.10781843,7.573347621783614,7.573347621783614,0.134268948744284,0.09679888,0.09871068,1.7342978e-05,0.040075146,0.63380057,1.0
26140000,1.0932496,364.5263157894737,1.1220616,0.09681474,7.077624648581313,7.077624648581313,0.1654810229267337,0.07590816,0.087878585,1.7331313e-05,0.032140482,0.62245965,1.0
26150000,1.0914257,100.38888888888889,1.2173609,0.09225175,8.77471233937346,8.77471233937346,0.022229960033049185,0.083477035,0.09748649,1.7319593e-05,0.03208489,0.55647534,1.0
26160000,1.062322,86.44444444444444,1.0726082,0.09188826,7.3436109655433235,7.3436109655433235,0.01607998179840959,0.014694668,0.09947164,1.7306755e-05,0.034568064,0.5602917,1.0
26170000,1.0919573,115.23809523809524,1.1678785,0.09130671,6.992872044831616,6.992872044831616,0.042551179244626494,0.08295005,0.091390625,1.7293702e-05,0.035386246,0.54029185,1.0
26180000,1.1063343,81.47368421052632,1.1443158,0.08949134,7.195846327825596,7.195846327825596,0.02078463214964263,0.047778815,0.09458546,1.7280583e-05,0.035537805,0.60349435,1.0
26190000,1.0701755,83.6086956521739,1.1365478,0.09418104,6.205129336120318,6.205129336120318,0.023133110837079585,0.055144172,0.08936318,1.7268754e-05,0.03203454,0.5646368,1.0
26200000,1.1032494,80.25,1.0930028,0.082127325,6.554578104615212,6.554578104615212,0.0197771200328134,0.054604042,0.099808834,1.7256945e-05,0.032295935,0.57897913,1.0
26210000,1.1129279,91.88235294117646,0.98141974,0.0828715,7.707647156244254,7.707647156244254,0.02424476996255929,0.027119553,0.10038499,1.7243907e-05,0.03518628,0.58924496,1.0
26220000,1.1033993,97.04761904761905,1.3550756,0.090224534,8.506231493239154,8.506231493239154,0.23545700026720406,0.106049076,0.10121088,1.72309e-05,0.06966673,0.60070205,1.0
26230000,1.0874742,80.15789473684211,1.1552608,0.08670023,7.613375326520519,7.613375326520519,0.023231841795342534,0.019759126,0.09134259,1.7218013e-05,0.03680586,0.5608544,1.0
26240000,1.0745518,113.38888888888889,1.1663663,0.08274141,7.414878383618998,7.414878383618998,0.0437498464792346,0.054494478,0.086100064,1.7206223e-05,0.0344944,0.55878055,1.0
26250000,1.0595545,73.11111111111111,1.1599343,0.10490243,8.197031062510279,8.197031062510279,0.01655619378046443,0.046949774,0.09906162,1.7194598e-05,0.12597542,0.5567305,1.0
26260000,1.0579304,108.76470588235294,1.2162286,0.106843516,8.204818228478818,8.204818228478818,0.03571377134443644,0.13313116,0.095619164,1.7181632e-05,0.036156915,0.5217568,1.0
26270000,1.0704114,88.05555555555556,1.2286286,0.09279417,8.493199185364777,8.493199185364777,0.024605812116836507,0.09437072,0.09160222,1.7168637e-05,0.032714896,0.5539209,1.0
26280000,1.0608194,73.25,1.1239228,0.089182384,6.566715553402901,6.566715553402901,0.016139215120347217,0.02523202,0.088785574,1.715563e-05,0.03436281,0.5207776,1.0
26290000,1.0215963,114.4074074074074,1.235539,0.09398052,6.210516320004199,6.210516320004199,0.3031680852783701,0.13569827,0.09706813,1.714392e-05,0.03632509,0.49228686,1.0
26300000,1.007556,60.55,1.208908,0.07586913,6.857593460097199,6.857593460097199,0.01583060485843037,0.06080026,0.094314605,1.7132259e-05,0.03623838,0.49805704,1.0
26310000,0.97858894,76.6842105263158,1.3761026,0.08746363,8.415575584298686,8.415575584298686,0.024302418637824685,0.21544798,0.104707144,1.7119226e-05,0.035990193,0.47693413,1.0
26320000,0.9331934,76.66666666666667,1.3940302,0.08192267,9.21462548441357,9.21462548441357,0.019689571073589224,0.16037586,0.10137589,1.7106078e-05,0.036782667,0.4506104,1.0
26330000,0.91321003,70.3529411764706,1.3095984,0.07530709,9.138876494239359,9.138876494239359,0.014936865101951887,0.0587276,0.100376025,1.7092978e-05,0.03493032,0.42294446,1.0
26340000,0.92420834,63.55555555555556,1.3492577,0.0717521,8.760860489474403,8.760860489474403,0.011812636298903575,0.06100584,0.105586275,1.7081344e-05,0.030076124,0.44384065,1.0
26350000,0.93872297,72.76470588235294,1.224112,0.06503803,8.19982634397114,8.19982634397114,0.016467099632684362,0.039744843,0.09466399,1.7069584e-05,0.03309123,0.42720014,1.0
26360000,0.86930907,62.94444444444444,1.2905587,0.06471461,8.75054588748349,8.75054588748349,0.01925826811283413,0.06403004,0.09346983,1.7056682e-05,0.035583362,0.4160337,1.0
26370000,0.84133303,182.83333333333334,1.027607,0.06570871,6.249004850863027,6.249004850863027,0.060049210403425,0.026240954,0.09320923,1.7043798e-05,0.03392428,0.34429434,1.0
26380000,0.85637933,68.05555555555556,1.1594648,0.07067369,7.996598278482755,7.996598278482755,0.017667175503447652,0.0616979,0.092340834,1.7030838e-05,0.03340081,0.37289825,1.0
26390000,0.8845991,73.5,1.0835011,0.061856553,7.254322534098344,7.254322534098344,0.017463793526129687,0.04347126,0.08996553,1.70178e-05,0.03779097,0.38624972,1.0
26400000,0.8629049,99.42105263157895,1.3617598,0.07126664,8.454322069510818,8.454322069510818,0.038851003965828565,0.14882074,0.09561524,1.7006127e-05,0.03590429,0.38544542,1.0
26410000,0.86413383,89.22222222222223,1.0403641,0.06295169,6.736152278880279,6.736152278880279,0.021228318658864334,0.027457718,0.09832873,1.6994396e-05,0.03178613,0.38654116,1.0
26420000,0.88911265,63.470588235294116,1.082716,0.04581447,7.848454869845334,7.848454869845334,0.010596338317126912,0.005947293,0.09901593,1.69815e-05,0.03457965,0.38913304,1.0
26430000,0.9215561,124.38888888888889,0.9800251,0.05377389,6.629886444000637,6.629886444000637,0.06533247906276408,0.007248352,0.09143529,1.6968517e-05,0.043739922,0.41719684,1.0
26440000,0.95868003,294.55555555555554,1.2087467,0.058185935,7.1622121485462955,7.1622121485462955,0.2758651451134172,0.06240905,0.09660306,1.69554e-05,0.049859844,0.43103233,1.0
26450000,0.9637268,80.22222222222223,1.1473243,0.051052596,7.567668717768457,7.567668717768457,0.02920386558657305,0.059801485,0.09442523,1.6943766e-05,0.035375923,0.46551183,1.0
26460000,0.9661242,61.8125,1.1511605,0.04394559,8.769603526219726,8.769603526219726,0.013357966890907846,0.102219805,0.09713262,1.6932114e-05,0.031428333,0.44602194,1.0
26470000,1.0091702,94.0,1.3243896,0.04523939,8.822463507484645,8.822463507484645,0.038847422739490864,0.23337618,0.092947796,1.6919106e-05,0.033438068,0.4851265,1.0
26480000,1.0103861,89.13636363636364,1.2860855,0.044492487,7.50178142840212,7.50178142840212,0.04884181660070846,0.11241011,0.09988109,1.690612e-05,0.034893077,0.47870326,1.0
26490000,1.0147296,159.83333333333334,1.0522277,0.039939053,7.0980287286677175,7.0980287286677175,0.03920677317202919,0.01684176,0.09422813,1.689315e-05,0.03220816,0.4676517,1.0
26500000,0.9727466,74.16666666666667,1.1163908,0.03460391,7.346376460459497,7.346376460459497,0.016366995573561225,0.076210804,0.108343504,1.6881188e-05,0.029028676,0.48394856,1.0
26510000,0.9389661,109.0,1.1711644,0.032895673,7.646046768983878,7.646046768983878,0.026504408089547522,0.040551208,0.0940642,1.6869493e-05,0.031580426,0.42166838,1.0
26520000,0.9908889,81.72222222222223,1.0723935,0.029441167,7.672812114883628,7.672812114883628,0.015951045523656324,0.068681836,0.09303458,1.6856737e-05,0.031173522,0.45024747,1.0
26530000,0.94844866,62.88235294117647,1.1448762,0.032034673,8.724896296858788,8.724896296858788,0.015781863476149738,0.092975,0.099830635,1.6843838e-05,0.02946597,0.44898048,1.0
26540000,0.9724294,75.88235294117646,1.1215394,0.04481497,7.369921934273508,7.369921934273508,0.01505912585546159,0.049573213,0.097705945,1.6830905e-05,0.030996483,0.46697164,1.0
26550000,1.005343,63.411764705882355,1.0742481,0.04795068,7.826960903756759,7.826960903756759,0.010723202064742936,0.02075665,0.088016495,1.6817765e-05,0.032309882,0.4718563,1.0
26560000,0.9890316,140.78947368421052,1.0898814,0.09115124,7.388798730631702,7.388798730631702,0.04463873378393289,0.069192015,0.090374805,1.6806203e-05,0.030373747,0.5003906,1.0
26570000,0.93629587,84.0,1.0856527,0.08850356,7.650432185994254,7.650432185994254,0.02315802054686679,0.07500492,0.08821608,1.6794602e-05,0.031288423,0.44932175,1.0
26580000,0.9209363,69.72222222222223,1.1763445,0.08403152,8.14912541994923,8.14912541994923,0.012905884760824082,0.042448595,0.08686247,1.6781749e-05,0.030635163,0.43621263,1.0
26590000,0.89877135,203.5909090909091,1.1716601,0.07902232,6.666375100243716,6.666375100243716,0.062014494691869586,0.06234215,0.1008682,1.6768729e-05,0.034565885,0.39467275,1.0
26600000,0.89842767,70.25,1.1397101,0.09091256,7.898253990337253,7.898253990337253,0.024476562583004124,0.119262874,0.09640245,1.67558e-05,0.035012987,0.41151118,1.0
26610000,0.8653758,121.52380952380952,1.203602,0.081752144,7.041590716387145,7.041590716387145,0.02276519526494667,0.029939959,0.092197195,1.674285e-05,0.030991042,0.39428478,1.0
26620000,0.88643813,65.15,1.1201653,0.09162452,7.03789068227516,7.03789068227516,0.031063640075791182,0.07923731,0.09390015,1.6731174e-05,0.033748448,0.38677305,1.0
26630000,0.9288957,108.86363636363636,1.0176172,0.085031234,6.050380325220758,6.050380325220758,0.036570944906478484,0.018558271,0.09581615,1.6719549e-05,0.033872023,0.40861258,1.0
26640000,0.99557376,1384.0,1.079738,0.090630986,5.832052652605164,5.832052652605164,0.5539447420548337,0.050763704,0.09537969,1.6706697e-05,0.03381652,0.44501027,1.0
26650000,0.99773777,76.25,1.1401904,0.08638975,7.199071915552485,7.199071915552485,0.015692576905712484,0.05578615,0.09434359,1.6693632e-05,0.032008655,0.49872297,1.0
26660000,0.95305884,117.0,1.1807953,0.08499155,7.209423380337375,7.209423380337375,0.04497759464429692,0.100595735,0.088991515,1.6680648e-05,0.03264209,0.47272664,1.0
26670000,0.8938445,66.94444444444444,1.3758572,0.08907506,9.07441243686174,9.07441243686174,0.017333747426930227,0.10639447,0.10114504,1.6668771e-05,0.032082498,0.4336518,1.0
26680000,0.93942654,141.70833333333334,1.151501,0.08124318,5.8975040691633085,5.8975040691633085,0.05896583262559337,0.116271935,0.09094341,1.6657097e-05,0.03428877,0.41571155,1.0
26690000,0.8802095,78.47619047619048,1.3991505,0.08403174,8.10891738117096,8.10891738117096,0.02749142180463033,0.08798479,0.09405401,1.6644088e-05,0.032292217,0.39029202,1.0
26700000,0.90412295,117.89473684210526,1.0877447,0.08335827,6.2979262199573816,6.2979262199573816,0.026197387126127358,0.014478631,0.09449898,1.6631104e-05,0.030695591,0.400729,1.0
26710000,0.8836544,93.05263157894737,1.3389807,0.083916344,8.892470170449661,8.892470170449661,0.03569446093598871,0.19134425,0.098951854,1.6617894e-05,0.037437446,0.40473145,1.0
26720000,0.87281865,82.42857142857143,1.1755598,0.083631255,6.259808118144671,6.259808118144671,0.04387612257795852,0.19958587,0.09774414,1.6605967e-05,0.031325437,0.3967107,1.0
26730000,0.81743777,75.66666666666667,1.2614007,0.09129915,8.90118616157108,8.90118616157108,0.015503662211510042,0.09411303,0.094691046,1.6594215e-05,0.03208766,0.37450957,1.0
26740000,0.84632134,84.95238095238095,1.4153547,0.0809654,8.784263525690351,8.784263525690351,0.02155167678262972,0.093391575,0.089733094,1.6581389e-05,0.03127601,0.36850116,1.0
26750000,0.855367,116.0,1.2819222,0.0776987,6.2438698046934125,6.2438698046934125,0.037603321087653574,0.13005263,0.09722468,1.6568418e-05,0.03610062,0.39934248,1.0
26760000,0.873567,159.43478260869566,1.2781254,0.091863774,7.179784316787391,7.179784316787391,0.13031046319267023,0.21285734,0.09782575,1.6555288e-05,0.045001604,0.39140272,1.0
26770000,0.85557824,65.23529411764706,1.3028502,0.08744041,9.117040257462683,9.117040257462683,0.02699688824770205,0.066688746,0.095071495,1.654338e-05,0.03741866,0.39555138,1.0
26780000,0.8809058,84.22727272727273,1.2563696,0.088904984,6.977101399075417,6.977101399075417,0.036632383530516,0.063514814,0.093474254,1.6531636e-05,0.037221055,0.39340073,1.0
26790000,0.9181729,75.6875,1.1324086,0.093031414,8.134803901700412,8.134803901700412,0.015968556296737754,0.003911049,0.09356998,1.6518821e-05,0.032396987,0.40293425,1.0
26800000,0.94536877,78.52941176470588,1.0461875,0.08286032,7.317477679647067,7.317477679647067,0.019545314778738162,0.0481548,0.09291111,1.6506092e-05,0.03399341,0.44487995,1.0
26810000,0.9390854,74.21052631578948,1.3331293,0.09188283,9.013761639595032,9.013761639595032,0.5236580683461701,0.10392823,0.098522365,1.6493272e-05,0.09132718,0.46367836,1.0
26820000,0.982364,111.47058823529412,1.1837692,0.09872496,7.350414162852555,7.350414162852555,0.040154572679764695,0.08075814,0.09715391,1.6481506e-05,0.0327411,0.46629092,1.0
26830000,1.0045371,74.05263157894737,1.2598388,0.08465162,9.151486055718529,9.151486055718529,0.025682129328035645,0.09711066,0.0956832,1.6469736e-05,0.03644435,0.48425776,1.0
26840000,1.025138,75.4375,1.2168664,0.08802792,9.123565428397235,9.123565428397235,0.025662730297292855,0.04421545,0.09580986,1.645686e-05,0.034756858,0.47933465,1.0
26850000,0.99093354,187.05,1.3630816,0.0962675,8.411170733313991,8.411170733313991,0.1269895835313946,0.11539558,0.09461586,1.6443946e-05,0.048643954,0.5276111,1.0
26860000,0.95830905,74.63157894736842,1.294248,0.08693234,9.411275406678518,9.411275406678518,0.02330256351787183,0.09666284,0.09913717,1.6430995e-05,0.034961194,0.43314052,1.0
26870000,0.9746528,91.6842105263158,1.4119924,0.08908594,8.922075394868443,8.922075394868443,0.022856998699717225,0.09934267,0.09257837,1.6417887e-05,0.031316165,0.47620654,1.0
26880000,0.9274241,65.94117647058823,1.346367,0.08357007,8.818949897499646,8.818949897499646,0.01598099752000588,0.06278725,0.093767926,1.6406233e-05,0.035570644,0.45340562,1.0
26890000,0.88780797,66.05882352941177,1.3114586,0.08248097,8.789379921029596,8.789379921029596,0.014149624484536402,0.05193169,0.09375119,1.639456e-05,0.0324829,0.41667515,1.0
26900000,0.8219075,211.25,1.2012237,0.09073377,7.3584665764104615,7.3584665764104615,0.1013562211766839,0.08778175,0.09903158,1.638159e-05,0.034998696,0.3687484,1.0
26910000,0.8036904,70.95238095238095,1.277065,0.08394475,7.141107826305198,7.141107826305198,0.03216654323170501,0.037322253,0.09343783,1.6368338e-05,0.036870066,0.36129102,1.0
26920000,0.79882073,77.82608695652173,1.3083687,0.09154595,6.995978473893205,6.995978473893205,0.02713266441234104,0.07342594,0.095211625,1.6356396e-05,0.036588572,0.32904494,1.0
26930000,0.8292454,66.9,1.1751815,0.0844034,7.090084567273918,7.090084567273918,0.017608169748104717,0.06777827,0.09926242,1.6344657e-05,0.031722702,0.35482147,1.0
26940000,0.855947,141.78947368421052,1.3404408,0.07665169,8.026903604887774,8.026903604887774,0.04436719485092908,0.16236636,0.09278576,1.6331518e-05,0.035652503,0.37711564,1.0
26950000,0.8436904,63.111111111111114,1.3724129,0.08713265,8.825854097803434,8.825854097803434,0.01436580980144855,0.06412762,0.08869866,1.6318583e-05,0.034512352,0.37220883,1.0
26960000,0.9157794,70.05882352941177,1.3282591,0.08185236,9.015952415326062,9.015952415326062,0.01770889129051391,0.13313508,0.098540775,1.6305752e-05,0.035013605,0.41884828,1.0
26970000,0.94052035,144.26315789473685,0.9961217,0.08078701,5.758277616564029,5.758277616564029,0.04896273532588231,0.026186228,0.09084168,1.6294067e-05,0.033025384,0.41709515,1.0
26980000,0.94694054,77.9090909090909,1.336699,0.08446673,7.919739884409037,7.919739884409037,0.016748800069432367,0.11642605,0.09779743,1.6282138e-05,0.032301225,0.42699617,1.0
26990000,0.97720605,86.78947368421052,1.1890199,0.080399185,7.667637140686183,7.667637140686183,0.019526703675326548,0.07479811,0.09366006,1.6269067e-05,0.033267573,0.46894503,1.0
27000000,1.009203,67.2,0.9869764,0.081257895,7.67009752591451,7.67009752591451,0.010887528319532673,0.0077988743,0.08752915,1.6256075e-05,0.031171408,0.4639156,1.0
27010000,1.0716606,74.22222222222223,1.0626843,0.088148564,7.308611710866292,7.308611710866292,0.014762215924242305,0.009862349,0.08853336,1.6243188e-05,0.040279403,0.53534305,1.0
27020000,1.09141,71.61111111111111,1.1768887,0.07953605,8.941392150190142,8.941392150190142,0.01422097954329931,0.06392203,0.08977894,1.623029e-05,0.033078343,0.55117166,1.0
27030000,1.0747762,73.88888888888889,1.1790134,0.08814159,8.151999960343042,8.151999960343042,0.16438433640481284,0.014038284,0.08681705,1.6218515e-05,0.0732894,0.5764138,1.0
27040000,1.1319946,67.4,1.0001407,0.077757,7.6851471900939945,7.6851471900939945,0.013785131617138784,0.046087544,0.09054926,1.620682e-05,0.031704932,0.6004318,1.0
27050000,1.0997226,546.5,1.0508268,0.074375294,6.072525698861042,6.072525698861042,0.24059749602086164,0.053191267,0.09267834,1.6193782e-05,0.03403426,0.6110299,1.0
27060000,1.0977849,87.38095238095238,1.0327376,0.08802006,5.851593903472734,5.851593903472734,0.2602596954841699,0.036276978,0.0884468,1.6180622e-05,0.10863276,0.565422,1.0
27070000,1.1545458,78.14285714285714,1.1143215,0.08286817,7.02213516290344,7.02213516290344,0.06567344241020259,0.08858832,0.08706155,1.6168875e-05,0.03314167,0.6096984,1.0
27080000,1.1473988,216.55,1.0771065,0.08400731,7.1221733693195945,7.1221733693195945,0.07721153821330518,0.048935898,0.0949673,1.6157224e-05,0.038789023,0.6443199,1.0
27090000,1.123339,110.85714285714286,1.1162449,0.090778425,7.119398478709627,7.119398478709627,0.04443274355726316,0.0074233934,0.089401476,1.6144206e-05,0.03380158,0.59442306,1.0
27100000,1.1426784,2429.2,1.0579938,0.08405229,5.609858815354006,5.609858815354006,0.922070155435774,0.05801378,0.09509568,1.613111e-05,0.03451492,0.62231773,1.0
27110000,1.1639442,107.0,0.93208224,0.07395687,4.85189342994328,4.85189342994328,0.032809988111973956,0.029750507,0.09338735,1.6118143e-05,0.03034983,0.63887227,1.0
27120000,1.1989878,85.41666666666667,0.98912215,0.074061535,5.437926299333491,5.437926299333491,0.03314512766108079,0.05695097,0.094914794,1.6106329e-05,0.030933758,0.6753484,1.0
27130000,1.1846545,88.7,1.1025368,0.08148793,6.336568249212134,6.336568249212134,0.021753135724880156,0.008561408,0.09329488,1.609469e-05,0.027957445,0.67487687,1.0
27140000,1.2068058,73.72222222222223,1.1226729,0.07415678,7.757705941796303,7.757705941796303,0.02227378262129302,0.044903014,0.09014492,1.6081567e-05,0.031016111,0.6843962,1.0
27150000,1.2176411,132.42105263157896,0.9539678,0.07749159,6.40243266736702,6.40243266736702,0.045075937597032045,0.012160158,0.088947445,1.6068578e-05,0.030155387,0.6992266,1.0
27160000,1.2311792,76.83333333333333,1.0686506,0.0845369,7.504200880622698,7.504200880622698,0.01952647161670029,0.0071921092,0.08726065,1.6056718e-05,0.03056774,0.7095422,1.0
27170000,1.2253494,85.63157894736842,1.0359296,0.07558374,7.166518674956428,7.166518674956428,0.019689353351067338,0.124686524,0.09495638,1.6044894e-05,0.031227354,0.7256282,1.0
27180000,1.2008381,96.45,1.1202402,0.08092636,6.591360890777564,6.591360890777564,0.036396107863679174,0.024761358,0.10093246,1.603182e-05,0.030565416,0.6794599,1.0
27190000,1.1558551,74.52941176470588,1.1732417,0.08233868,8.283828556537628,8.283828556537628,0.018263493253685096,0.0816326,0.08919335,1.6018847e-05,0.033940334,0.6605206,1.0
27200000,1.1715925,2131.4736842105262,1.1334004,0.090130895,6.902773830058547,6.902773830058547,0.6053633783012629,0.07869079,0.08662391,1.6005502e-05,0.032831006,0.6638845,1.0
27210000,1.139957,75.94117647058823,1.1724864,0.08437701,8.850859605214175,8.850859605214175,0.020795940736527827,0.0820402,0.09013837,1.5993342e-05,0.03096864,0.65052295,1.0
27220000,1.1339072,126.42105263157895,1.2512298,0.08761755,8.441210026177075,8.441210026177075,0.03647141774969274,0.11727575,0.09746439,1.5981583e-05,0.03043509,0.6198709,1.0
27230000,1.0818899,80.11111111111111,1.1688964,0.07113616,8.548047957174917,8.548047957174917,0.014489449464770801,0.042115692,0.09398342,1.5968672e-05,0.030359292,0.56860656,1.0
27240000,1.0265452,74.29411764705883,1.2733033,0.088516854,8.034802714983622,8.034802714983622,0.2646312017265397,0.09258415,0.096155666,1.5955706e-05,0.059711337,0.54187405,1.0
27250000,1.0169479,103.7,1.3198792,0.077848375,8.530648736381217,8.530648736381217,0.045481741796002575,0.077126816,0.09072705,1.594282e-05,0.0346875,0.51280755,1.0
27260000,1.047675,64.5,1.2310768,0.08418868,8.691822939059314,8.691822939059314,0.015619292745695394,0.0512664,0.090524405,1.5931186e-05,0.03363438,0.53583455,1.0
27270000,1.0584592,99.41176470588235,1.1009476,0.078944355,7.902128968150997,7.902128968150997,0.02840452841209138,0.048132062,0.09200154,1.5919435e-05,0.031542618,0.5230873,1.0
27280000,1.0176716,77.11764705882354,1.1163213,0.07656718,7.770461310139474,7.770461310139474,0.019198134935269243,0.048703972,0.09308739,1.5906213e-05,0.034358494,0.53707063,1.0
27290000,1.0429373,98.65,1.2294368,0.08760513,7.146913959085941,7.146913959085941,0.05841140383854508,0.26747185,0.091197826,1.5893092e-05,0.03213667,0.51579237,1.0
27300000,1.0153745,74.05882352941177,1.15839,0.081206925,9.148968139115501,9.148968139115501,0.014084705733694136,0.054980062,0.09308523,1.5881325e-05,0.029154532,0.52519244,1.0
27310000,1.0349214,85.47368421052632,1.1274309,0.077419065,7.415155256278417,7.415155256278417,0.022722774929004826,0.042020317,0.094149254,1.586953e-05,0.02914023,0.5089999,1.0
27320000,1.0800568,85.0,1.0804548,0.06991642,7.9079784999291105,7.9079784999291105,0.017104475978865392,0.0064395955,0.09307716,1.5856578e-05,0.030286018,0.5502803,1.0
27330000,1.0754895,64.5625,1.1930075,0.07453632,9.58122706785798,9.58122706785798,0.012734729534713551,0.09658243,0.10225749,1.5843467e-05,0.030070791,0.56326044,1.0
27340000,1.0515531,252.52173913043478,1.24656,0.08354125,6.858091925298694,6.858091925298694,0.10174022827540403,0.10541336,0.08930891,1.5830405e-05,0.033124212,0.51969355,1.0
27350000,1.1238037,71.44444444444444,1.111542,0.07784624,7.609750395019849,7.609750395019849,0.07091747221743895,0.03366757,0.091976844,1.5818812e-05,0.031963386,0.5779362,1.0
27360000,1.1507727,124.73684210526316,1.0479832,0.083514124,6.983017550776774,6.983017550776774,0.04629053553492811,0.016257871,0.09780619,1.5807145e-05,0.038476627,0.6033826,1.0
27370000,1.1909511,94.95238095238095,1.1969875,0.089433126,7.332890257216059,7.332890257216059,0.02763318782672286,0.0655876,0.09022032,1.5794085e-05,0.030159105,0.6630721,1.0
27380000,1.201214,74.24,1.0244516,0.07273783,4.515919293368475,4.515919293368475,0.024172568819127403,0.04346096,0.09210323,1.5781134e-05,0.029617604,0.700898,1.0
27390000,1.2142943,77.63157894736842,1.0582268,0.08115317,6.929411705583334,6.929411705583334,0.020506898768393223,0.007896787,0.0874155,1.5768006e-05,0.029102731,0.7526411,1.0
27400000,1.2684374,88.88235294117646,1.0211717,0.06840368,7.509274330537985,7.509274330537985,0.022948913057060802,0.010611857,0.08345227,1.5756248e-05,0.027425356,0.7774771,1.0
27410000,1.2960778,4435.227272727273,0.97393864,0.05661538,4.524277697754568,4.524277697754568,1.845775090179152,0.01395545,0.09264993,1.5744434e-05,0.047681596,0.83616984,1.0
27420000,1.3293698,133.17391304347825,0.9839851,0.052792136,5.501245651031378,5.501245651031378,0.041826247301122006,0.021915626,0.09250532,1.5731372e-05,0.02698138,0.8816186,1.0
27430000,1.4305325,68.33333333333333,0.97917354,0.04859768,6.880926929071154,6.880926929071154,0.01624703761435261,0.0073863333,0.08398902,1.5718473e-05,0.025186408,1.0134366,1.0
27440000,1.4511181,141.05555555555554,0.89783823,0.05372222,7.0649219910288705,7.0649219910288705,0.04940848218070136,0.0040150527,0.07920602,1.570549e-05,0.01831041,1.1086028,1.0
27450000,1.4275684,74.27777777777777,0.97960967,0.051777232,7.265542719294043,7.265542719294043,0.011268390863038161,0.032590028,0.08987583,1.5693793e-05,0.021390602,1.1173644,1.0
27460000,1.3950393,165.85,1.0916888,0.04964968,6.794095709313787,6.794095709313787,0.043240101159816344,0.0070530465,0.09005705,1.568202e-05,0.24730238,1.0023867,1.0
27470000,1.3919505,125.30434782608695,0.95128953,0.062099215,5.195492830406639,5.195492830406639,0.02632817839090105,0.022131735,0.09164222,1.566902e-05,0.023183856,0.9832865,1.0
27480000,1.3604437,129.22222222222223,0.83731616,0.05712507,5.906017609207434,5.906017609207434,0.311377060185704,0.019790474,0.09190622,1.5655973e-05,0.036327094,0.90703124,1.0
27490000,1.3319377,115.22727272727273,0.8940532,0.059151627,5.099852874763945,5.099852874763945,0.06304608958519319,0.017359834,0.096208826,1.5642936e-05,0.030596357,0.8909499,1.0
27500000,1.3205299,497.45454545454544,1.0207025,0.054540638,6.109732548478635,6.109732548478635,0.1497078768231652,0.022189125,0.09630794,1.5631202e-05,0.032677364,0.84281164,1.0
27510000,1.3209765,82.66666666666667,0.93070066,0.05739771,5.828500000139077,5.828500000139077,0.046934260761667075,0.21412937,0.09227322,1.5619467e-05,0.0292059,0.87521476,1.0
27520000,1.3408645,108.19047619047619,0.9852685,0.051714186,6.457617342449231,6.457617342449231,0.03388202499731311,0.06000366,0.089908615,1.5606533e-05,0.028777653,0.86524326,1.0
27530000,1.3805493,102.7,1.0202669,0.060422774,5.494888544082642,5.494888544082642,0.2792907478986308,0.010049181,0.09402637,1.5593478e-05,0.03675611,0.9199088,1.0
27540000,1.410115,106.05263157894737,0.9706396,0.05939112,6.490896661398246,6.490896661398246,0.04031584644077444,0.013557223,0.08866836,1.5580415e-05,0.034023263,0.9866377,1.0
27550000,1.4041998,83.03846153846153,0.99951667,0.064410664,4.935472100838804,4.935472100838804,0.02209417107101567,0.010003107,0.09577803,1.556864e-05,0.027326569,0.9766694,1.0
27560000,1.3954909,68.3157894736842,0.9784734,0.062094186,6.96830910130551,6.96830910130551,0.017058169555017037,0.012286013,0.092504576,1.5556925e-05,0.025264736,0.9447168,1.0
27570000,1.4138199,98.85714285714286,0.9583543,0.0665032,5.755158794777734,5.755158794777734,0.04897827619043667,0.010563707,0.09105117,1.55439e-05,0.0365224,0.96240425,1.0
27580000,1.4445139,78.36842105263158,1.0407593,0.06693352,7.21392589278127,7.21392589278127,0.01765233873830814,0.008525064,0.084016226,1.5531057e-05,0.021907568,1.0249271,1.0
27590000,1.4647487,98.36842105263158,1.0397896,0.064547054,6.708126103090106,6.708126103090106,0.07281569037341366,0.0052891104,0.09411151,1.5518119e-05,0.028924087,1.0797225,1.0
27600000,1.4918607,204.4,0.87113816,0.056470934,6.02136900650662,6.02136900650662,0.061294174165232106,0.0031164503,0.07950019,1.5506334e-05,0.017986529,1.1685287,1.0
27610000,1.4733638,68.27777777777777,1.039667,0.06535959,7.359399791393015,7.359399791393015,0.029507357911724184,0.022715166,0.090555504,1.5494486e-05,0.022175511,1.1103129,1.0
27620000,1.4231213,73.72222222222223,1.0330893,0.06685668,7.024488056699435,7.024488056699435,0.13089844678890789,0.01039443,0.07964082,1.5481342e-05,0.042029046,1.0534738,1.0
27630000,1.3980294,170.31578947368422,0.98429906,0.062503025,6.87007985880162,6.87007985880162,0.046283470111359894,0.013268599,0.088778436,1.5468366e-05,0.025455844,0.94414043,1.0
27640000,1.4511329,88.52941176470588,0.9055727,0.057738688,6.668890563880696,6.668890563880696,0.01875304975136019,0.0017089797,0.07902464,1.545548e-05,0.024115998,1.0338655,1.0
27650000,1.4848635,83.15,1.0815536,0.0625699,7.01406359245575,7.01406359245575,0.017239241482457146,0.004352621,0.085031405,1.5443853e-05,0.020768834,1.1214141,1.0
27660000,1.4475453,122.3157894736842,0.9482384,0.059093416,6.380378431111002,6.380378431111002,0.03238265198581901,0.008366163,0.08428302,1.5432199e-05,0.02453283,1.049137,1.0
27670000,1.4332368,84.83333333333333,0.9563154,0.06595374,7.2040567119673895,7.2040567119673895,0.040923468576853764,0.004421714,0.08703211,1.5419186e-05,0.026593337,1.0404265,1.0
27680000,1.4450269,81.72222222222223,1.0023857,0.08407968,6.671243284877978,6.671243284877978,0.21892829326373575,0.013530308,0.095504224,1.5406296e-05,0.0762842,1.0796841,1.0
27690000,1.4382879,80.5,0.96682066,0.06696382,6.926531579759386,6.926531579759386,0.01643484911053545,0.005826996,0.08906641,1.539344e-05,0.028095823,1.0612363,1.0
27700000,1.4180464,95.89473684210526,0.94871247,0.070492476,6.6481837372667565,6.6481837372667565,0.02153612686762292,0.014934045,0.088231646,1.5380445e-05,0.023207927,1.0165315,1.0
27710000,1.3596852,393.3636363636364,0.97076523,0.08153361,5.844205439783212,5.844205439783212,0.20492677463599565,0.023083452,0.09463551,1.5368942e-05,0.032967385,0.9683319,1.0
27720000,1.2856479,176.7058823529412,1.0239165,0.07019785,8.037425856307847,8.037425856307847,0.05320243281997083,0.04811536,0.08992765,1.5357282e-05,0.029620731,0.8554546,1.0
27730000,1.2224126,84.6,0.9608668,0.07167637,6.147680265050622,6.147680265050622,0.02630252529634163,0.012664008,0.09656229,1.5344322e-05,0.033231415,0.7629336,1.0
27740000,1.1734161,87.9,1.1527979,0.08468009,7.119092769920826,7.119092769920826,0.06874933906365185,0.08332665,0.088764496,1.5331225e-05,0.03971181,0.67083514,1.0
27750000,1.1169559,69.94117647058823,1.1821928,0.075927526,8.906090850339217,8.906090850339217,0.0180544827667558,0.025702542,0.087095484,1.5318099e-05,0.03476826,0.62311083,1.0
27760000,1.1004004,75.94117647058823,1.0293015,0.07812205,7.208848379990634,7.208848379990634,0.017288425622288797,0.083499394,0.091761746,1.5306434e-05,0.039638124,0.58192587,1.0
27770000,1.0587543,159.66666666666666,1.158236,0.08450666,7.101171438949734,7.101171438949734,0.059264701424399394,0.0329371,0.09335361,1.5294827e-05,0.038167257,0.5798326,1.0
27780000,1.0214889,71.95652173913044,1.1295673,0.08001341,6.447043574725588,6.447043574725588,0.033109949240554215,0.048731267,0.09262635,1.5281817e-05,0.044357277,0.52386487,1.0
27790000,1.0202917,81.19047619047619,1.1731173,0.08226171,6.9808837196656635,6.9808837196656635,0.03144640804800604,0.08982062,0.09236227,1.5268948e-05,0.04209771,0.5126709,1.0
27800000,1.0141469,209.10526315789474,1.1729542,0.08821235,6.90889297722854,6.90889297722854,0.09445011266507208,0.20576306,0.09218746,1.5255957e-05,0.04151077,0.49779958,1.0
27810000,1.0271772,71.52941176470588,1.1257358,0.07967357,8.092210548674355,8.092210548674355,0.014159794557867023,0.04163513,0.10174526,1.5242886e-05,0.037963867,0.51987654,1.0
27820000,1.0053204,87.84210526315789,1.0769613,0.0763585,7.0291137107108765,7.0291137107108765,0.02045080709381421,0.044500556,0.09509666,1.5231148e-05,0.035159886,0.50071704,1.0
27830000,0.97026116,77.89473684210526,1.1765398,0.0795658,7.632663984292824,7.632663984292824,0.021753087088367658,0.042391926,0.09594153,1.5219538e-05,0.035376906,0.46612224,1.0
27840000,1.0021948,80.16666666666667,1.163798,0.07546947,7.531639430258009,7.531639430258009,0.02439444051641557,0.19474041,0.09430144,1.52064895e-05,0.03912923,0.49438876,1.0
27850000,1.0230198,155.61111111111111,1.0510126,0.07425582,7.185709970392761,7.185709970392761,0.052811075351201,0.07930793,0.09264864,1.5193461e-05,0.037647285,0.5228775,1.0
27860000,1.0197461,394.4761904761905,1.083506,0.07137078,6.104649562689216,6.104649562689216,0.21776032107993074,0.03268402,0.08931648,1.51806835e-05,0.034939647,0.49831638,1.0
27870000,1.044219,59.388888888888886,1.1807939,0.07667053,8.043920611341795,8.043920611341795,0.015881235006317083,0.05353613,0.092657164,1.5167711e-05,0.034313105,0.5370199,1.0
27880000,0.9617319,140.16666666666666,1.1743318,0.07044781,6.200493943639278,6.200493943639278,0.0430708434820796,0.11151083,0.09774487,1.5156134e-05,0.0337698,0.47298282,1.0
27890000,0.9772783,1240.0,1.0907909,0.071089044,6.85703816919834,6.85703816919834,0.35970203629020897,0.10345236,0.09872237,1.514443e-05,0.033848293,0.43569022,1.0
27900000,1.0084645,96.05555555555556,1.1115663,0.07808301,7.260009597986937,7.260009597986937,0.07061927007614738,0.017660279,0.094186425,1.5131378e-05,0.041774932,0.48868552,1.0
27910000,1.0594455,62.95,1.0638975,0.07682227,7.212368857860565,7.212368857860565,0.02380266645923257,0.04899188,0.09751712,1.5118259e-05,0.034517914,0.5163392,1.0
27920000,1.0361251,78.5,0.9514667,0.07419692,7.037735152989626,7.037735152989626,0.01749903456948232,0.0023009907,0.087284,1.51064705e-05,0.03582837,0.53673196,1.0
27930000,1.0523716,76.11764705882354,1.0376308,0.07356983,7.236532823127859,7.236532823127859,0.022532331414849442,0.057107907,0.086589,1.5094745e-05,0.035499096,0.5220084,1.0
27940000,1.0776799,322.57142857142856,1.0623375,0.07757534,6.612874141641335,6.612874141641335,0.1411357659325447,0.033472724,0.088958904,1.5081631e-05,0.03252031,0.56760234,1.0
27950000,1.1033958,63.5,1.2883624,0.073280305,8.815390376581085,8.815390376581085,0.019595647308354575,0.048829883,0.096723475,1.5068645e-05,0.0344941,0.54809916,1.0
27960000,1.1269271,205.66666666666666,1.0646532,0.07249692,6.468720502064508,6.468720502064508,0.06702597131620028,0.0594234,0.0952539,1.5055708e-05,0.033122096,0.57079947,1.0
27970000,1.1000538,86.28571428571429,1.1536852,0.07884535,7.238012909578781,7.238012909578781,0.02514233078718895,0.027659837,0.09212659,1.5042732e-05,0.033700105,0.5693454,1.0
27980000,1.1427376,676.8333333333334,0.98836434,0.07285621,5.049661273638654,5.049661273638654,0.2579157272015398,0.008188509,0.09444232,1.5031172e-05,0.032487273,0.5875677,1.0
27990000,1.129299,70.3529411764706,0.9642924,0.073632464,7.284190707346973,7.284190707346973,0.016250347300870892,0.01995733,0.094322175,1.5019394e-05,0.030095035,0.611112,1.0
28000000,1.1198647,79.94444444444444,1.2290841,0.07062488,8.355578425857756,8.355578425857756,0.025124103361223307,0.06945135,0.09024075,1.5006165e-05,0.03204303,0.60365,1.0
28010000,1.1244751,62.5,1.0627046,0.07635349,7.888921937521766,7.888921937521766,0.009875990087440348,0.038948607,0.08127279,1.4993147e-05,0.030824888,0.57625055,1.0
28020000,1.0741044,78.6470588235294,1.3438804,0.06918794,9.893413288725746,9.893413288725746,0.022014342571815684,0.13484156,0.10149488,1.4981374e-05,0.032614097,0.55272007,1.0
28030000,1.0526668,131.05555555555554,1.1391926,0.06992486,7.3802316853886145,7.3802316853886145,0.06904908214860103,0.089022145,0.09289855,1.4969565e-05,0.0371469,0.561561,1.0
28040000,1.0896157,70.94736842105263,1.2010198,0.07105892,6.820793472230434,6.820793472230434,0.018702836555894463,0.06878266,0.09726744,1.4956657e-05,0.033290002,0.53556174,1.0
28050000,1.0797105,178.55555555555554,1.1469016,0.0648595,8.54432432662912,8.54432432662912,0.05513410081210382,0.050949,0.08969229,1.4943737e-05,0.029777577,0.55607015,1.0
28060000,1.1573913,65.23809523809524,1.1289527,0.06379283,6.682109380310232,6.682109380310232,0.01418031874874776,0.055653382,0.08877134,1.4930551e-05,0.0313981,0.5952981,1.0
28070000,1.1829056,65.25,1.0165223,0.05909593,7.817638894543052,7.817638894543052,0.01292720423953142,0.0039585624,0.08668788,1.4918835e-05,0.032876,0.6194452,1.0
28080000,1.2060376,149.83333333333334,1.0930632,0.071966864,6.665977828761383,6.665977828761383,0.2150288368963326,0.026170354,0.08631776,1.4907089e-05,0.04493095,0.71539986,1.0
28090000,1.1310606,80.94736842105263,1.1864761,0.06931326,7.734531486504956,7.734531486504956,0.03275563821539675,0.0498508,0.0921041,1.4893914e-05,0.03133898,0.60088575,1.0
28100000,1.0936638,116.875,1.2238395,0.06498343,6.84363769405095,6.84363769405095,0.05331714115648841,0.13576387,0.095875815,1.4880847e-05,0.03215328,0.57677424,1.0
28110000,1.0808728,70.27272727272727,1.1478264,0.06419176,6.606509657133193,6.606509657133193,0.17781891972602656,0.09934738,0.093256526,1.4869029e-05,0.11636303,0.5694137,1.0
28120000,1.0686734,84.95652173913044,1.2139648,0.06579508,6.8759513688079705,6.8759513688079705,0.027243048437715817,0.08435284,0.095220156,1.485727e-05,0.029150844,0.568828,1.0
28130000,1.0612049,73.83333333333333,1.203578,0.07037386,8.22155166334576,8.22155166334576,0.014297406687142534,0.046114888,0.09299077,1.4844152e-05,0.030665392,0.52358997,1.0
28140000,1.0119854,69.11764705882354,1.1954442,0.064582966,8.955049563856686,8.955049563856686,0.018797799965421504,0.060087144,0.08930469,1.483107e-05,0.031617455,0.49925002,1.0
28150000,0.96748513,74.26315789473684,1.3281049,0.06951112,8.274519415278183,8.274519415278183,0.013422157027219472,0.050693493,0.09541947,1.48180625e-05,0.03288085,0.4736331,1.0
28160000,0.88824165,124.70588235294117,1.132247,0.059103344,7.835092058800956,7.835092058800956,0.03296254747821128,0.060851306,0.10103682,1.48064055e-05,0.03463031,0.41355065,1.0
28170000,0.88005555,78.04761904761905,1.1896702,0.068694115,6.811773571230116,6.811773571230116,0.015634027398413138,0.004461929,0.08894527,1.4794848e-05,0.033728678,0.39426345,1.0
28180000,0.9012254,69.58823529411765,1.065847,0.06468816,7.866157545762904,7.866157545762904,0.018116912195075524,0.037772607,0.091546714,1.478186e-05,0.031305026,0.39659095,1.0
28190000,0.9255961,83.42105263157895,1.1481138,0.069528855,6.948806530550907,6.948806530550907,0.021578000821663362,0.058333553,0.092082635,1.4768615e-05,0.03236451,0.43630663,1.0
28200000,0.9619805,65.44444444444444,1.1972297,0.06459215,8.708462455693413,8.708462455693413,0.01529442034113933,0.06423621,0.08939612,1.4755601e-05,0.032236986,0.45450154,1.0
28210000,0.94652003,69.21052631578948,1.5309407,0.07131021,9.938810807466506,9.938810807466506,0.014264416549121962,0.07922705,0.09315483,1.4743934e-05,0.03202435,0.44295478,1.0
28220000,0.9370007,65.3125,1.1228935,0.06833733,7.774329494684935,7.774329494684935,0.01260940163047053,0.063762754,0.10194173,1.4732129e-05,0.0349086,0.44564372,1.0
28230000,0.87009305,72.375,1.1054039,0.06813861,7.991834383457899,7.991834383457899,0.02103614963561995,0.03881505,0.094453774,1.4719201e-05,0.033346742,0.38804442,1.0
28240000,0.85367584,70.82352941176471,1.1576413,0.070560776,7.993052091668634,7.993052091668634,0.020768432213705692,0.03357645,0.0947008,1.4706095e-05,0.033456456,0.35607395,1.0
28250000,0.85189027,72.21052631578948,1.2285959,0.07362266,7.437621560535933,7.437621560535933,0.018369739728146477,0.08694096,0.095063604,1.4692885e-05,0.03475888,0.38520408,1.0
28260000,0.9263846,73.25,1.0688767,0.06775579,7.964601302519441,7.964601302519441,0.01756849834055174,0.0027094388,0.087944575,1.4681128e-05,0.035054643,0.4141383,1.0
28270000,0.96703404,70.82352941176471,1.1228023,0.06804668,8.012221569524092,8.012221569524092,0.014806239208316101,0.027475614,0.08946957,1.4669396e-05,0.043754563,0.42344874,1.0
28280000,1.0161955,62.388888888888886,1.0947591,0.08177583,7.640041782575495,7.640041782575495,0.15305489667362587,0.011601631,0.09056093,1.4656403e-05,0.042095967,0.4668625,1.0
28290000,1.0298501,84.16666666666667,1.2155687,0.07117704,7.79600704657404,7.79600704657404,0.02819758202684553,0.115301475,0.09906217,1.46434495e-05,0.031640418,0.5237607,1.0
28300000,0.9666397,64.38888888888889,1.2727134,0.0718656,8.773204416036606,8.773204416036606,0.01888972300932639,0.05195009,0.095326275,1.463057e-05,0.03131332,0.47239876,1.0
28310000,0.95539933,74.33333333333333,1.204747,0.06744255,8.192436754703522,8.192436754703522,0.022667920398008492,0.035636075,0.094969414,1.461892e-05,0.035988174,0.44748616,1.0
28320000,0.977481,570.2631578947369,1.2168891,0.070529185,7.710342959223597,7.710342959223597,0.21241311209374353,0.049898442,0.09483039,1.4607149e-05,0.031647567,0.45550457,1.0
28330000,0.9665263,81.8,1.2822604,0.067361474,7.909281726181507,7.909281726181507,0.04212097313138656,0.12297821,0.09128277,1.4594218e-05,0.03299248,0.45676693,1.0
28340000,0.9297028,84.54545454545455,1.266352,0.066110425,7.525336449542507,7.525336449542507,0.0341768381556242,0.10557951,0.10012977,1.4581148e-05,0.03339646,0.4353768,1.0
28350000,0.92999685,87.66666666666667,1.00818,0.06534541,6.107135675330129,6.107135675330129,0.021124627796881314,0.024504488,0.09389825,1.4567986e-05,0.031162579,0.4159502,1.0
28360000,0.9316358,74.3157894736842,1.1233062,0.06876942,7.485742744254439,7.485742744254439,0.013745566781022046,0.0033959595,0.089724876,1.4556185e-05,0.034402616,0.43641388,1.0
28370000,0.9166262,81.35,1.16157,0.06370241,7.3868964741006495,7.3868964741006495,0.019263240857981145,0.08315534,0.08672297,1.4544489e-05,0.030953337,0.38768452,1.0
28380000,0.9346187,82.72222222222223,1.2334211,0.06445604,8.152135683430565,8.152135683430565,0.030452632836790547,0.066961445,0.09752901,1.4531423e-05,0.033033982,0.41273713,1.0
28390000,0.96331865,145.3,1.3110286,0.06806023,7.7231423429396555,7.7231423429396555,0.04199932578485459,0.058534313,0.09376264,1.4518344e-05,0.033376984,0.43274355,1.0
28400000,1.0291456,93.73684210526316,1.0352271,0.06465071,6.563626528962662,6.563626528962662,0.030893755990147934,0.015796706,0.08801316,1.4505352e-05,0.03128073,0.46663755,1.0
28410000,1.0489283,94.14285714285714,1.2293533,0.06507686,7.778348738505017,7.778348738505017,0.04134143417745474,0.11149891,0.09701132,1.4493687e-05,0.0638597,0.52789897,1.0
28420000,1.0236325,64.65,1.2307057,0.07306474,7.363690955191851,7.363690955191851,0.019834744557738305,0.06393513,0.09372028,1.4482063e-05,0.034460414,0.5174441,1.0
28430000,1.0113693,78.61904761904762,1.1988933,0.06441242,6.9368079103573805,6.9368079103573805,0.015753543808213658,0.044600107,0.09429593,1.4469054e-05,0.03091904,0.48077622,1.0
28440000,0.95139515,68.33333333333333,1.2869898,0.06805215,7.382414839452221,7.382414839452221,0.015383023084030441,0.05710616,0.09656421,1.4455922e-05,0.029956814,0.43855667,1.0
28450000,0.9980406,148.94736842105263,1.0274034,0.06114885,6.38620939662561,6.38620939662561,0.11075307970474425,0.075066224,0.09252497,1.44440755e-05,0.03206231,0.43964845,1.0
28460000,0.9834175,69.6086956521739,1.1479738,0.063828036,6.390763891779858,6.390763891779858,0.018436640733852983,0.029070195,0.09276892,1.4432318e-05,0.036949944,0.45149413,1.0
28470000,0.97889024,76.0,1.1085602,0.06478873,7.264015185482362,7.264015185482362,0.02099469872465467,0.08470471,0.09351666,1.4419233e-05,0.03321575,0.47056025,1.0
28480000,0.9338513,105.52631578947368,1.2843056,0.07516917,8.27007950129284,8.27007950129284,0.03426658253087417,0.052612424,0.09514202,1.4406316e-05,0.03344111,0.40900117,1.0
28490000,0.9519581,777.7142857142857,1.0906389,0.077647746,5.5577524408579935,5.5577524408579935,0.41750744465805056,0.015834149,0.09775098,1.4393319e-05,0.05017165,0.4096684,1.0
28500000,0.9449965,64.05263157894737,1.1059383,0.0696228,7.317786248204739,7.317786248204739,0.015726949872547073,0.05247163,0.097270355,1.4381467e-05,0.0343964,0.42799366,1.0
28510000,0.98724186,85.61111111111111,1.0403953,0.066810876,6.794565576646063,6.794565576646063,0.015218519321125414,0.008500507,0.0900526,1.4369749e-05,0.031203743,0.43920484,1.0
28520000,1.0226306,82.52380952380952,1.0193472,0.06760549,6.390282587636085,6.390282587636085,0.021840806967312738,0.011946254,0.083244026,1.4356898e-05,0.028764864,0.4481073,1.0
28530000,1.0610728,76.44444444444444,1.0422019,0.06259173,7.472016308042738,7.472016308042738,0.015235298242057778,0.05195872,0.08642872,1.4343881e-05,0.03053903,0.5487193,1.0
28540000,1.0315981,65.25,1.030642,0.06270992,7.765025842934847,7.765025842934847,0.016176924829778727,0.0685287,0.09516348,1.433093e-05,0.034259755,0.51683104,1.0
28550000,1.014907,80.33333333333333,1.0978572,0.063679725,7.453881647851732,7.453881647851732,0.023523419998430956,0.05680602,0.091156304,1.4317853e-05,0.035283484,0.47859678,1.0
28560000,1.0028448,64.11764705882354,1.0642478,0.0663111,7.909838629119537,7.909838629119537,0.010444616803022869,0.0017643154,0.08981953,1.43061925e-05,0.031737767,0.48533374,1.0
28570000,0.9882086,78.5,1.1834834,0.058970742,8.412250348263317,8.412250348263317,0.016155793648471847,0.0693347,0.094837196,1.4294533e-05,0.031391274,0.45910472,1.0
28580000,0.99931175,69.16666666666667,1.3206397,0.059361115,8.958597676621544,8.958597676621544,0.02722589021626239,0.026668066,0.08969373,1.4281517e-05,0.02959131,0.50258374,1.0
28590000,1.0191697,215.57894736842104,1.2564098,0.056582063,8.147207892169702,8.147207892169702,0.07068657636715982,0.12425073,0.10093397,1.4268526e-05,0.03410145,0.4766144,1.0
28600000,0.9704908,76.05882352941177,1.1121505,0.056810245,7.289496888132656,7.289496888132656,0.020758233142687994,0.002385423,0.0979708,1.4255589e-05,0.03204615,0.46495157,1.0
28610000,0.9736131,64.66666666666667,1.2952874,0.059255183,8.815121644900906,8.815121644900906,0.01690154539472941,0.064113915,0.09206319,1.42439885e-05,0.034437887,0.45497748,1.0
28620000,0.97234565,75.05555555555556,1.2590156,0.053648647,8.250830266210768,8.250830266210768,0.015143005785325335,0.047222022,0.09508408,1.4232131e-05,0.03311504,0.46399626,1.0
28630000,0.9782658,65.5625,1.206252,0.053474165,8.771541677415371,8.771541677415371,0.011543142405571416,0.06338005,0.09565992,1.4219002e-05,0.028491816,0.46935028,1.0
28640000,0.93635744,71.45,1.440423,0.058345485,8.337541763484477,8.337541763484477,0.01237205095239915,0.074547224,0.09369902,1.4205916e-05,0.030615166,0.40910858,1.0
28650000,0.9465661,60.9375,1.2271006,0.055788826,8.600465558469296,8.600465558469296,0.010889224198763259,0.077126004,0.08730997,1.4192863e-05,0.032869212,0.4357484,1.0
28660000,0.9641704,176.78947368421052,1.1643105,0.056698564,7.02280029990846,7.02280029990846,0.06589784871137358,0.0595502,0.09484005,1.4181122e-05,0.030610371,0.42366475,1.0
28670000,0.988659,65.66666666666667,1.2911737,0.060572557,8.757656946778297,8.757656946778297,0.013204327195934538,0.037666388,0.096359245,1.4169488e-05,0.03003354,0.4755848,1.0
28680000,0.9829126,279.3,1.2226123,0.052945986,7.477802437485036,7.477802437485036,0.1423553757427726,0.0841986,0.094791345,1.4156429e-05,0.030054918,0.47557634,1.0
28690000,0.96218073,72.47619047619048,1.2598684,0.06187798,6.857076842160452,6.857076842160452,0.504727376569506,0.07490766,0.096643575,1.414352e-05,0.08829486,0.46921763,1.0
28700000,0.9808222,74.73684210526316,1.0263729,0.054173287,6.320300823763797,6.320300823763797,0.01323650990563788,0.0034741748,0.082363054,1.413063e-05,0.026934022,0.45740968,1.0
28710000,0.9888206,70.5625,1.0659932,0.054768756,8.775178943077723,8.775178943077723,0.016147802878792087,0.06486149,0.09250719,1.4118981e-05,0.028376203,0.4854772,1.0
28720000,0.925638,67.6842105263158,1.3537425,0.055886164,8.293627349953903,8.293627349953903,0.01514614902828869,0.05373922,0.10251142,1.4107422e-05,0.026325654,0.4538539,1.0
28730000,0.9303662,64.6470588235294,1.3309134,0.04985189,8.810203552246094,8.810203552246094,0.012733387696142826,0.052953344,0.09899707,1.4094607e-05,0.028304394,0.41337475,1.0
28740000,0.9355051,83.52941176470588,1.1517158,0.052724853,7.468059352215598,7.468059352215598,0.01646952809053747,0.06777732,0.09908948,1.4081587e-05,0.029843256,0.44051498,1.0
28750000,0.92472124,58.411764705882355,1.2889117,0.061093193,8.392563013469472,8.392563013469472,0.09854232259642552,0.041604456,0.094589666,1.4068671e-05,0.039886914,0.42355624,1.0
28760000,0.91257155,74.33333333333333,1.1279258,0.057772018,7.401447466678089,7.401447466678089,0.011135599601806866,0.0014022186,0.0825726,1.4055692e-05,0.027714644,0.40007448,1.0
28770000,0.90628606,70.82352941176471,1.16079,0.053144783,7.984837649499669,7.984837649499669,0.010770915685605039,0.04672376,0.091846436,1.4042913e-05,0.026658004,0.41224402,1.0
28780000,0.9045224,78.44444444444444,1.2476044,0.05339904,8.436525498827299,8.436525498827299,0.022014537321714062,0.07286001,0.09469022,1.40311e-05,0.02929608,0.40207234,1.0
28790000,0.8818661,59.5,1.201162,0.052757677,8.585830582305789,8.585830582305789,0.013216411396570038,0.08732499,0.09847241,1.4019529e-05,0.029934764,0.40067554,1.0
28800000,0.8892369,78.05263157894737,1.1798416,0.05647371,7.589523360917442,7.589523360917442,0.013290755420089945,0.03090305,0.0912185,1.4006498e-05,0.029108623,0.376475,1.0
28810000,0.8411565,303.94444444444446,1.1925036,0.054288037,8.1943864097953,8.1943864097953,0.0776451474068583,0.06405613,0.09058689,1.39933545e-05,0.030594219,0.3586174,1.0
28820000,0.84664154,88.7,1.2781451,0.05544261,7.525299757346511,7.525299757346511,0.02725308920489624,0.055631585,0.09547837,1.398052e-05,0.033423062,0.35363078,1.0
28830000,0.8784626,66.0,1.1527343,0.060440753,7.478074659903844,7.478074659903844,0.01096226206411504,0.0033238174,0.097178206,1.3968911e-05,0.02887814,0.36973146,1.0
28840000,0.888692,89.85,1.1612172,0.05421374,7.450421016177279,7.450421016177279,0.022955452412134036,0.034185994,0.08669974,1.3957246e-05,0.026571462,0.40187082,1.0
28850000,0.86733514,68.6,1.2232465,0.05546981,7.546387584585893,7.546387584585893,0.028400266371471316,0.06576647,0.09315904,1.3944262e-05,0.03285076,0.39971477,1.0
28860000,0.8599758,76.33333333333333,1.2945578,0.05833719,8.321719171185242,8.321719171185242,0.01643282489998168,0.052617043,0.09864741,1.3931449e-05,0.027029768,0.37341675,1.0
28870000,0.8330827,88.29411764705883,1.1793282,0.054726698,7.822054375839584,7.822054375839584,0.034867748481166715,0.049873125,0.091337636,1.3918613e-05,0.030739557,0.35767072,1.0
28880000,0.8614869,78.15789473684211,1.2244575,0.05531377,7.618387333656612,7.618387333656612,0.013386653723979467,0.03655994,0.086457595,1.3905605e-05,0.02605204,0.3653747,1.0
28890000,0.85795075,63.11764705882353,1.3336339,0.057343185,9.733843750813428,9.733843750813428,0.015255765886703396,0.15787704,0.10094507,1.389392e-05,0.028030016,0.3724461,1.0
28900000,0.9056652,114.77777777777777,1.0965389,0.052455667,6.702196715839414,6.702196715839414,0.04026101285772812,0.023162717,0.092895225,1.3882277e-05,0.02620411,0.39382747,1.0
28910000,0.8929168,58.0,1.275948,0.052595273,9.569658808410168,9.569658808410168,0.009696342043753248,0.08422546,0.0906117,1.3869207e-05,0.026793128,0.4023518,1.0
28920000,0.9040867,78.47368421052632,1.2472209,0.055164225,7.581937822856401,7.581937822856401,0.015213470409722313,0.038038753,0.09249762,1.3856159e-05,0.026695479,0.39248532,1.0
28930000,0.9055315,447.2352941176471,1.0642315,0.05287695,7.302757064168558,7.302757064168558,0.11801735301474657,0.017029857,0.097541526,1.3842882e-05,0.02658526,0.41484475,1.0
28940000,0.92464083,76.05882352941177,1.111246,0.05285664,7.27080100774765,7.27080100774765,0.021404219031169573,0.1106323,0.09856354,1.3831251e-05,0.028614147,0.40608376,1.0
28950000,0.9456021,105.55,1.2951959,0.057497878,8.059446211578324,8.059446211578324,0.026988371094921602,0.052932482,0.09554564,1.3819759e-05,0.028834766,0.45378977,1.0
28960000,0.930369,68.82352941176471,1.2190623,0.053670846,8.987766735693988,8.987766735693988,0.014007860137259258,0.06424208,0.090716705,1.3806632e-05,0.031721715,0.43799287,1.0
28970000,0.9412318,70.70588235294117,1.1245707,0.054502312,8.013024119769826,8.013024119769826,0.013864147319348858,0.025552034,0.09551234,1.3793722e-05,0.02916113,0.43763763,1.0
28980000,0.9521732,78.5625,1.0287124,0.053200886,7.131396846845746,7.131396846845746,0.02489918767241761,0.08048689,0.09722816,1.37808265e-05,0.032223333,0.456281,1.0
28990000,0.91476613,116.65,1.245524,0.05813905,7.640302592624016,7.640302592624016,0.03855718889972195,0.08215475,0.097052835,1.3769073e-05,0.028287273,0.435373,1.0
29000000,0.8956422,82.61904761904762,1.1972835,0.054597553,6.987125578868602,6.987125578868602,0.021017072988407954,0.05331235,0.09773096,1.3757291e-05,0.029221848,0.39032418,1.0
29010000,0.88211435,69.78947368421052,1.1597931,0.054130718,7.248093570533552,7.248093570533552,0.016771933198661396,0.061996795,0.09527008,1.3744281e-05,0.029254083,0.3899782,1.0
29020000,0.8530002,73.05263157894737,1.3049332,0.056899447,8.282284261364685,8.282284261364685,0.026920144476829784,0.05856111,0.09292746,1.3731522e-05,0.03313888,0.3712153,1.0
29030000,0.8557623,71.9047619047619,1.2707324,0.05188847,7.199998084987913,7.199998084987913,0.021255527185054406,0.064913966,0.09761457,1.3718675e-05,0.028523967,0.35470793,1.0
29040000,0.84157544,87.42105263157895,1.1712079,0.052924667,7.637436255605684,7.637436255605684,0.026356492230358224,0.02845056,0.09498249,1.3705605e-05,0.030810732,0.356652,1.0
29050000,0.81746644,65.125,1.1200523,0.058197975,7.784069806337357,7.784069806337357,0.008583068108076559,0.0013839587,0.091634974,1.3693939e-05,0.028966064,0.3359871,1.0
29060000,0.8549377,80.77777777777777,1.0877786,0.051738203,7.445762053132057,7.445762053132057,0.014681102798527313,0.026483666,0.08975031,1.368232e-05,0.02642561,0.332192,1.0
29070000,0.9062647,68.83333333333333,1.2195987,0.051862035,8.056561821036869,8.056561821036869,0.01333204235157205,0.050738297,0.09026076,1.3669369e-05,0.02971527,0.40426093,1.0
29080000,0.9246211,76.05882352941177,1.0182027,0.049961105,7.196732668315663,7.196732668315663,0.01388299700749271,0.019635897,0.09111074,1.3656245e-05,0.028954897,0.41212392,1.0
29090000,0.95056385,67.3125,1.1255519,0.062218834,8.827838644385338,8.827838644385338,0.014969626936363056,0.043732725,0.0906838,1.3643215e-05,0.2249505,0.44787374,1.0
29100000,0.9723527,76.83333333333333,1.2147231,0.06387643,8.2656386660205,8.2656386660205,0.018005992544607982,0.033903815,0.091286466,1.3630294e-05,0.031505074,0.48500282,1.0
29110000,0.98478734,62.44444444444444,1.1833979,0.062363297,7.943782834543122,7.943782834543122,0.008483175395263566,0.0017747488,0.090847746,1.3618468e-05,0.028047571,0.4636408,1.0
29120000,0.99246895,69.05882352941177,1.2049294,0.05336555,8.9966559269849,8.9966559269849,0.011591090909753214,0.05925267,0.08703223,1.3606636e-05,0.026904205,0.48299903,1.0
29130000,1.0379807,75.88235294117646,1.010733,0.05216013,7.197832084753934,7.197832084753934,0.00950305218644002,0.0012132463,0.08423197,1.3593681e-05,0.025567874,0.4965149,1.0
29140000,1.0741277,73.66666666666667,1.0673447,0.049307372,8.25047916875166,8.25047916875166,0.017147609690094694,0.08570993,0.08834503,1.3580839e-05,0.02600022,0.5734399,1.0
29150000,1.0928644,63.8125,1.1620674,0.054065336,8.784007724593668,8.784007724593668,0.009533606962684323,0.050501812,0.09411979,1.3569102e-05,0.026241003,0.59821445,1.0
29160000,1.1280493,76.0,1.1154454,0.050486766,8.219093205297694,8.219093205297694,0.015300454421188025,0.03714702,0.093163766,1.3557279e-05,0.02793404,0.63381016,1.0
29170000,1.1275936,72.76470588235294,1.1944549,0.050334964,8.799867929781184,8.799867929781184,0.01680776517947807,0.07412104,0.096220866,1.3544118e-05,0.027329281,0.57737035,1.0
29180000,1.1359373,78.0625,1.1260003,0.048902467,8.750634517520666,8.750634517520666,0.014197533258993644,0.07723744,0.09802896,1.35310065e-05,0.02675857,0.6253711,1.0
29190000,1.1224614,285.63157894736844,1.2101538,0.05314333,7.4017576757208765,7.4017576757208765,0.24300773679523877,0.0023644294,0.08984201,1.3517951e-05,0.029856866,0.59396327,1.0
29200000,1.1223726,88.16666666666667,1.0704147,0.05199251,7.573233267706302,7.573233267706302,0.021586468947740894,0.0061871195,0.08681291,1.3506253e-05,0.029374957,0.59773076,1.0
29210000,1.1325617,71.42105263157895,1.1277152,0.05218863,7.733544317760358,7.733544317760358,0.01835729777008055,0.086834505,0.095764935,1.34946295e-05,0.030066814,0.5998266,1.0
29220000,1.1359099,89.52380952380952,1.1583208,0.049610198,7.074022368660995,7.074022368660995,0.027242400776317698,0.09210594,0.09627527,1.34815255e-05,0.029821623,0.60778683,1.0
29230000,1.1166528,64.875,1.1759274,0.04997355,9.338869996368885,9.338869996368885,0.015892098628683016,0.065634444,0.0979596,1.3468505e-05,0.02853011,0.6166917,1.0
29240000,1.0826956,74.5,1.310752,0.050576583,9.127540744013256,9.127540744013256,0.01804853856770529,0.1004671,0.09510215,1.3455385e-05,0.028980497,0.5750436,1.0
29250000,1.0847839,67.53333333333333,1.037563,0.046940103,7.699639614423116,7.699639614423116,0.013434333726763725,0.0017816153,0.08977283,1.3443661e-05,0.028890533,0.5755696,1.0
29260000,1.0784997,84.88888888888889,1.2093602,0.047393683,8.653857553998629,8.653857553998629,0.019006924302731123,0.060316306,0.0926197,1.3431968e-05,0.02776761,0.5533745,1.0
29270000,1.0902884,65.3125,1.1713114,0.051127616,8.522967221215367,8.522967221215367,0.012926552895805798,0.07982941,0.09605489,1.3418976e-05,0.029339701,0.566651,1.0
29280000,1.087891,74.29411764705883,1.244663,0.0539117,8.976308829644147,8.976308829644147,0.014169388841015889,0.06573942,0.093751006,1.3406175e-05,0.028997535,0.5633486,1.0
29290000,1.1013473,64.11764705882354,1.1305567,0.052806184,7.903424164828132,7.903424164828132,0.01132612838409841,0.0010304046,0.09023304,1.3393309e-05,0.029646624,0.568577,1.0
29300000,1.0982994,85.66666666666667,1.0673919,0.042286966,7.374024684230487,7.374024684230487,0.017206388409249485,0.0024057701,0.07978907,1.3381645e-05,0.029031167,0.5571611,1.0
29310000,1.0992912,63.125,1.1156005,0.05056796,8.743446400389075,8.743446400389075,0.009964902048523072,0.07715586,0.09672548,1.336972e-05,0.030569592,0.55939883,1.0
29320000,1.0765749,72.26315789473684,1.1594912,0.0578995,7.471508648834731,7.471508648834731,0.011185150348434323,0.0015606235,0.08742868,1.3356684e-05,0.029798355,0.54682845,1.0
29330000,1.0568515,66.2,1.0276697,0.055677637,8.832535270849863,8.832535270849863,0.011169054786053796,0.03846754,0.08514804,1.334369e-05,0.03002727,0.5110982,1.0
29340000,1.0999974,75.23529411764706,1.1809517,0.058430728,9.037085003712598,9.037085003712598,0.015503317398457405,0.07287308,0.09705249,1.3330515e-05,0.030158091,0.5492868,1.0
29350000,1.0830566,72.26315789473684,1.1792256,0.05940222,7.410380228569633,7.410380228569633,0.012100043872028197,0.0030570212,0.08555848,1.3318751e-05,0.029994326,0.5534198,1.0
29360000,1.0278549,74.47058823529412,1.1596297,0.055220015,9.150626848725711,9.150626848725711,0.015247922726249433,0.08778636,0.098750785,1.3306945e-05,0.032704487,0.48517877,1.0
29370000,0.9999103,72.29411764705883,1.2779225,0.050166126,9.183630221030292,9.183630221030292,0.018756101140752435,0.1385277,0.099724814,1.3293822e-05,0.03142283,0.47887737,1.0
29380000,0.98708254,72.25,1.2315791,0.055738807,9.014299064874649,9.014299064874649,0.022464801761088893,0.1115754,0.097866595,1.3280778e-05,0.030425051,0.43241102,1.0
29390000,0.98560584,72.83333333333333,1.253156,0.058597457,8.281303564707438,8.281303564707438,0.010475472366023395,0.046072595,0.09893197,1.3268906e-05,0.028774586,0.45175928,1.0
29400000,0.9606464,68.3529411764706,1.312896,0.054558493,9.996718634577359,9.996718634577359,0.009365916402791353,0.045366757,0.09197547,1.3257237e-05,0.028961662,0.44021016,1.0
29410000,0.9482049,63.75,1.1887126,0.054714635,8.850689753890038,8.850689753890038,0.00759987084165914,0.099022575,0.09048003,1.3244229e-05,0.02978774,0.4189132,1.0
29420000,0.946365,84.44444444444444,1.204222,0.055868365,7.656499649087588,7.656499649087588,0.025598125849177852,0.08692006,0.09410987,1.3230946e-05,0.032191597,0.42082292,1.0
29430000,0.9196508,60.888888888888886,1.3376881,0.06772672,8.427444179852804,8.427444179852804,0.6731371630772224,0.1376717,0.09442066,1.3219129e-05,0.10941762,0.4343544,1.0
29440000,0.8852086,76.5,1.2834175,0.061906498,8.238798638184866,8.238798638184866,0.022256923192698095,0.04434568,0.09271173,1.3207126e-05,0.032512777,0.36570066,1.0
29450000,0.8918948,64.88235294117646,1.264309,0.058818717,8.817072483546594,8.817072483546594,0.029655003701062763,0.04687833,0.09722407,1.319395e-05,0.0314192,0.375322,1.0
29460000,0.8894569,76.27777777777777,1.2775915,0.062145844,8.25847782360183,8.25847782360183,0.019021364886106715,0.04931871,0.09581019,1.3181026e-05,0.031191498,0.35620457,1.0
29470000,0.9048769,65.47058823529412,1.2745681,0.06031094,8.792367928168353,8.792367928168353,0.015589507241897723,0.051729858,0.08762469,1.3168127e-05,0.03352018,0.39890584,1.0
29480000,0.94395924,73.77777777777777,1.1472816,0.059003655,7.438953265547752,7.438953265547752,0.012077503074477944,0.0017250255,0.09299691,1.3156345e-05,0.029409217,0.37593287,1.0
29490000,0.9466068,2517.5789473684213,1.2335927,0.061667718,8.350549643594915,8.350549643594915,0.6285169405228872,0.048505478,0.09508981,1.3144736e-05,0.033859055,0.42669043,1.0
29500000,0.9671119,67.70588235294117,1.2785794,0.057366863,8.944234348005718,8.944234348005718,0.01864100272198104,0.078874856,0.09568932,1.3131663e-05,0.031341247,0.43898764,1.0
29510000,0.93973297,74.66666666666667,1.3469406,0.055116557,7.526994128667173,7.526994128667173,0.017767741361499896,0.09956324,0.0983365,1.311863e-05,0.030744648,0.41545907,1.0
29520000,0.9066061,64.0,1.3688637,0.05714311,8.823356211185455,8.823356211185455,0.012767521586890021,0.057823557,0.0974171,1.3105679e-05,0.031353988,0.376805,1.0
29530000,0.8881611,101.1,1.2725835,0.056532424,7.588789904979057,7.588789904979057,0.025963123131077737,0.07919404,0.09790755,1.3094009e-05,0.030565834,0.35776204,1.0
29540000,0.91141266,65.76470588235294,1.3313262,0.056823183,8.825381591039545,8.825381591039545,0.017555830281173045,0.05930867,0.102016255,1.30823155e-05,0.033390544,0.39356515,1.0
29550000,0.9130189,80.95454545454545,1.271139,0.05880667,6.615720308893784,6.615720308893784,0.01723976636474783,0.052244693,0.09583087,1.3069303e-05,0.030086622,0.3777279,1.0
29560000,0.9455978,76.0,1.0863732,0.055367205,7.230711730087505,7.230711730087505,0.013605823528076358,0.018634483,0.09436847,1.3056359e-05,0.030635402,0.40073174,1.0
29570000,0.91660964,76.11764705882354,1.0217694,0.05636705,7.293675324496101,7.293675324496101,0.014919830883360085,0.030442009,0.09191485,1.3043241e-05,0.034762822,0.38667682,1.0
29580000,0.9017366,65.3125,1.0278809,0.05966262,7.768664099276066,7.768664099276066,0.014031053520739079,0.0013779628,0.092318006,1.3031518e-05,0.03345713,0.3657006,1.0
29590000,0.9039811,130.5,1.0030062,0.058693115,6.9816210587248655,6.9816210587248655,0.04598888146251233,0.0058073723,0.09094956,1.3019679e-05,0.031732183,0.36402255,1.0
29600000,0.88807696,63.666666666666664,1.2701579,0.061143097,8.800622241364586,8.800622241364586,0.013474432861484174,0.05147665,0.094984815,1.3006653e-05,0.030808255,0.3640706,1.0
29610000,0.85379803,119.73684210526316,1.1404567,0.058077347,7.214740861376941,7.214740861376941,0.03393025358060473,0.047818936,0.09429816,1.299358e-05,0.03135304,0.34934825,1.0
29620000,0.80717486,58.0,1.2442584,0.061993875,7.324384577217556,7.324384577217556,0.01211631203269852,0.05463623,0.096816555,1.2980384e-05,0.031354625,0.31643963,1.0
29630000,0.84098595,75.18181818181819,1.1382118,0.05888414,6.392529737476831,6.392529737476831,0.019390090072358198,0.038225073,0.09758097,1.2968787e-05,0.03233628,0.3432325,1.0
29640000,0.8277945,72.05263157894737,1.0259868,0.059017632,6.3499053261782,6.3499053261782,0.01920117507688701,0.005262808,0.09517465,1.2957229e-05,0.031462934,0.31949443,1.0
29650000,0.8626209,89.45,1.0565852,0.064615056,6.707006235420704,6.707006235420704,0.016545120684895664,0.007594538,0.08913697,1.2944331e-05,0.03246727,0.35461727,1.0
29660000,0.85972893,63.875,1.0397625,0.059377346,8.589686391875148,8.589686391875148,0.011730903504940215,0.032349717,0.09200927,1.2931423e-05,0.033243574,0.3429848,1.0
29670000,0.91204315,91.35,1.3415456,0.063318565,8.267027895629871,8.267027895629871,0.05549405149067752,0.14880267,0.098244116,1.2918326e-05,0.038495805,0.39079434,1.0
29680000,0.93905437,58.64705882352941,1.289957,0.067341454,9.588135712287006,9.588135712287006,0.013964097303173998,0.06736704,0.10158928,1.290649e-05,0.035008878,0.40212712,1.0
29690000,0.9008997,108.36842105263158,1.2469,0.06556946,7.776226314045291,7.776226314045291,0.038871024919085596,0.057712287,0.09874104,1.2894782e-05,0.043771658,0.377277,1.0
29700000,0.9246382,68.95,1.2293098,0.06781449,7.549875284731388,7.549875284731388,0.028822115377988667,0.11236527,0.09839383,1.2881703e-05,0.036145404,0.38575917,1.0
29710000,0.89658695,70.3913043478261,1.3629969,0.06559887,6.893191467160764,6.893191467160764,0.022129375011781634,0.09336434,0.09611659,1.2868501e-05,0.03402829,0.37747243,1.0
29720000,0.9080347,74.04761904761905,1.4115212,0.064757004,8.46311406525118,8.46311406525118,0.018002681899815798,0.093968615,0.09436253,1.28555475e-05,0.031661592,0.3855675,1.0
29730000,0.84817106,81.44444444444444,1.1918463,0.061183453,7.7781498549092145,7.7781498549092145,0.02335658080280862,0.0050879917,0.099859275,1.2843753e-05,0.03222427,0.3730561,1.0
29740000,0.8165394,71.26315789473684,1.4427526,0.06563112,9.180537923386222,9.180537923386222,0.01567491307536042,0.20981243,0.09952868,1.283201e-05,0.03056702,0.33210626,1.0
29750000,0.8488632,64.47058823529412,1.2928425,0.05887032,8.779997318983078,8.779997318983078,0.01419873138451401,0.06529671,0.09979108,1.2819163e-05,0.034404743,0.33285153,1.0
29760000,0.84475285,72.77777777777777,1.3894417,0.060958188,9.104151454236773,9.104151454236773,0.025127630034047697,0.11644475,0.0909784,1.2806171e-05,0.032794267,0.3292728,1.0
29770000,0.8310322,64.29411764705883,1.324472,0.06216592,8.787613461122794,8.787613461122794,0.011365435572395869,0.059704773,0.093151264,1.2793258e-05,0.03296845,0.3326386,1.0
29780000,0.82834506,74.61111111111111,1.2776109,0.0661211,8.18368003765742,8.18368003765742,0.014908942730269499,0.07623699,0.093858376,1.278031e-05,0.03397949,0.34231922,1.0
29790000,0.7812487,63.470588235294116,1.2765197,0.063073486,8.808614348664003,8.808614348664003,0.017647577511311015,0.058979876,0.09845951,1.2768691e-05,0.034140795,0.3139919,1.0
29800000,0.7557639,75.22222222222223,1.3035698,0.061604362,8.22244660721885,8.22244660721885,0.01592927176453587,0.094800994,0.09101497,1.2757108e-05,0.031576514,0.28679436,1.0
29810000,0.7570945,57.0,1.3149198,0.06393338,8.657234408789211,8.657234408789211,0.010789883038442995,0.04238007,0.090282,1.2743959e-05,0.032357313,0.3016828,1.0
29820000,0.7833134,75.94117647058823,1.0522227,0.061270412,7.280500213889515,7.280500213889515,0.0128157311666976,0.015750904,0.08959099,1.27310195e-05,0.03595417,0.29282743,1.0
29830000,0.7763994,73.3125,1.060669,0.058114167,8.054041843861341,8.054041843861341,0.019708058709511533,0.035418183,0.08880542,1.2717913e-05,0.031799056,0.30957097,1.0
29840000,0.75749415,75.7,1.227602,0.060352076,7.692248621582985,7.692248621582985,0.013440114498371259,0.012624176,0.08485353,1.2706241e-05,0.029726943,0.3002606,1.0
29850000,0.747807,67.33333333333333,0.97702616,0.054975275,7.712474530935287,7.712474530935287,0.009127187139044205,0.03707147,0.08922494,1.2694521e-05,0.03019925,0.28052393,1.0
29860000,0.7522593,72.63157894736842,1.209401,0.054209676,8.277373045682907,8.277373045682907,0.01417201041476801,0.08294567,0.09959029,1.26817085e-05,0.032182217,0.2779566,1.0
29870000,0.7967571,67.26666666666667,1.0570844,0.05570167,7.768916824832559,7.768916824832559,0.008292662365420256,0.007401881,0.086606,1.26687955e-05,0.030234018,0.30535206,1.0
29880000,0.81818616,78.05263157894737,1.158405,0.05620461,7.594989262129131,7.594989262129131,0.012846053737264714,0.032759827,0.08989577,1.26558325e-05,0.028860375,0.3151358,1.0
29890000,0.8191164,62.64705882352941,1.1067396,0.053068366,8.565475758384256,8.565475758384256,0.011861652937060332,0.04637651,0.10089843,1.2643868e-05,0.033454146,0.33155188,1.0
29900000,0.8186423,76.0,0.96554786,0.054838683,7.145773367956281,7.145773367956281,0.013956011061964091,0.0061891177,0.086299576,1.2632168e-05,0.030639658,0.3196376,1.0
29910000,0.84230995,69.44444444444444,1.1994917,0.056372,8.131532090274911,8.131532090274911,0.013572996745719329,0.035788473,0.083393045,1.2619341e-05,0.031814687,0.33421242,1.0
29920000,0.8447103,69.94117647058823,1.130507,0.05376855,7.973380676087211,7.973380676087211,0.012254639131510082,0.033253383,0.09194532,1.2606271e-05,0.030812582,0.35914508,1.0
29930000,0.88032365,76.11764705882354,1.072598,0.06515025,6.848054459866355,6.848054459866355,0.35244951680686104,0.028639447,0.089653336,1.2593274e-05,0.07430448,0.35417348,1.0
29940000,0.89362586,66.88888888888889,1.2295083,0.069075696,8.994362510740757,8.994362510740757,0.038516667645631567,0.07225707,0.084748946,1.2580254e-05,0.035941277,0.38057223,1.0
29950000,0.88876474,65.3125,1.013413,0.06299745,7.811811652034521,7.811811652034521,0.010745053514256142,0.0056386353,0.08200124,1.2568794e-05,0.03403162,0.363079,1.0
29960000,0.9051261,80.38888888888889,1.1399803,0.06535268,7.229502878255314,7.229502878255314,0.16747723676316026,0.04733892,0.09136212,1.2557217e-05,0.049453925,0.36848474,1.0
29970000,0.8638042,65.47058823529412,1.1556605,0.060434688,8.709889974445105,8.709889974445105,0.018661696318304166,0.05845151,0.0924619,1.2544309e-05,0.03217088,0.3834671,1.0
29980000,0.8646557,69.11111111111111,1.2669148,0.062253688,8.12238000254882,8.12238000254882,0.016581088929486117,0.035252996,0.09525562,1.25312245e-05,0.0346194,0.3360582,1.0
29990000,0.8506645,70.23529411764706,1.1480385,0.06414173,7.751530670067844,7.751530670067844,0.2021360068636782,0.03819587,0.09420007,1.2518353e-05,0.11768763,0.36005285,1.0
30000000,0.8085135,80.44444444444444,1.1267271,0.060784794,7.443673325909509,7.443673325909509,0.031725839090844,0.039214052,0.09426733,1.2505499e-05,0.034388177,0.32882106,1.0
30010000,0.79871535,64.94117647058823,1.2132769,0.057497744,8.73242955348071,8.73242955348071,0.021243597873870063,0.066967145,0.09936895,1.2493814e-05,0.033488546,0.30607498,1.0
30020000,0.84861934,74.33333333333333,1.1030269,0.060098317,7.342208451694912,7.342208451694912,0.012261740708102783,0.004987675,0.08484893,1.2482003e-05,0.031980764,0.33135536,1.0
30030000,0.8525042,65.375,1.022691,0.057670984,7.790214477106929,7.790214477106929,0.009649984916904941,0.0016710839,0.07280217,1.2469002e-05,0.031575937,0.34296456,1.0
30040000,0.8594995,80.11111111111111,1.0945684,0.057902075,7.535669647157192,7.535669647157192,0.012567389342519972,0.027993169,0.08204873,1.2455955e-05,0.028348576,0.34476894,1.0
30050000,0.8426053,63.611111111111114,1.1731898,0.058062218,8.803066607783823,8.803066607783823,0.011740485219942295,0.055182207,0.08767886,1.2443047e-05,0.029758941,0.34995157,1.0
30060000,0.82735485,69.94117647058823,1.2081523,0.06402522,8.637969898826936,8.637969898826936,0.018867821199819446,0.036894795,0.09905578,1.2431308e-05,0.031821545,0.33966136,1.0
30070000,0.85246503,67.4,0.9708101,0.05689043,7.196080839261413,7.196080839261413,0.012401233034324832,0.0016767482,0.075979106,1.2419577e-05,0.029904712,0.32603583,1.0
30080000,0.89983875,78.16666666666667,1.2314274,0.054535393,8.47074722747008,8.47074722747008,0.02265877590333629,0.05718147,0.092690006,1.2406488e-05,0.03541039,0.37785992,1.0
30090000,0.8508973,69.55555555555556,1.2629515,0.06476297,8.065846592187881,8.065846592187881,0.02337244400728701,0.085170746,0.09520116,1.2393311e-05,0.030338025,0.36742654,1.0
30100000,0.82923895,70.41176470588235,1.1365913,0.061684497,8.084973538623137,8.084973538623137,0.014611076632076326,0.02961108,0.09598361,1.2380349e-05,0.038130514,0.36050567,1.0
30110000,0.7797885,68.05555555555556,1.2084569,0.06746516,7.990383449527952,7.990383449527952,0.07067624744700475,0.033203505,0.08910969,1.2368719e-05,0.032672554,0.30081004,1.0
30120000,0.7832759,73.05263157894737,1.2990912,0.06322172,8.256933786367116,8.256933786367116,0.014748385243460928,0.05026292,0.093778014,1.2356986e-05,0.029978346,0.30709356,1.0
30130000,0.7408889,65.25,1.1359326,0.066926055,7.379588965326548,7.379588965326548,0.2462644886036287,0.015411253,0.09092368,1.234408e-05,0.063008174,0.30903798,1.0
30140000,0.7102892,80.22222222222223,1.1228563,0.056829497,7.542074684467581,7.542074684467581,0.017963660260041554,0.029492307,0.09145483,1.2331189e-05,0.02933988,0.26102734,1.0
30150000,0.7337911,775.8235294117648,1.1389397,0.05611749,7.612951398136749,7.612951398136749,0.4198356161770575,0.048525557,0.09406839,1.2318199e-05,0.03083255,0.27142665,1.0
30160000,0.7172975,62.05555555555556,1.1536131,0.062091142,8.642393087639528,8.642393087639528,0.01633971050272093,0.033345234,0.089282095,1.2306503e-05,0.029593484,0.27266648,1.0
30170000,0.7243822,82.6470588235294,1.1829675,0.065262064,7.37154205640157,7.37154205640157,0.08929426807703243,0.031792648,0.09505455,1.2294794e-05,0.037590623,0.29293218,1.0
30180000,0.7604447,65.375,1.0388274,0.05868566,7.755771728232503,7.755771728232503,0.010901517751335632,0.0018205639,0.086911134,1.228192e-05,0.031375147,0.28450137,1.0
30190000,0.7576401,72.78947368421052,1.2685468,0.06325933,8.309329701097388,8.309329701097388,0.015128829240749934,0.050050534,0.09555864,1.2269154e-05,0.028763518,0.30896163,1.0
30200000,0.7633226,71.6470588235294,1.2583714,0.0585104,9.207672175239114,9.207672175239114,0.024133256047635394,0.12797216,0.10083775,1.2256195e-05,0.029677879,0.3109551,1.0
30210000,0.8036494,62.8125,1.1593219,0.058743987,8.813580803573132,8.813580803573132,0.012193540562293492,0.037287664,0.09808718,1.2243263e-05,0.028817553,0.30777827,1.0
30220000,0.8166406,83.0,1.1838654,0.05955477,7.729570105671883,7.729570105671883,0.02332910257650332,0.10628225,0.09460034,1.22303145e-05,0.03050535,0.34088138,1.0
30230000,0.8243719,183.0,1.2440733,0.06415057,8.57860351181632,8.57860351181632,0.06052613325760161,0.096291155,0.099339426,1.2218676e-05,0.030959968,0.34078547,1.0
30240000,0.8413002,74.55,1.1944952,0.058897957,7.604675502981991,7.604675502981991,0.019052796080177358,0.031713236,0.0936242,1.2207114e-05,0.030327966,0.358986,1.0
30250000,0.8590003,70.41176470588235,1.187449,0.058046084,8.00777502971537,8.00777502971537,0.013536391875651829,0.07939782,0.09285914,1.2194137e-05,0.028774982,0.33770975,1.0
30260000,0.81493163,65.61111111111111,1.3600373,0.054858834,9.973245796035318,9.973245796035318,0.017090360620332992,0.105704665,0.09429492,1.2181197e-05,0.029067367,0.34536356,1.0
30270000,0.7799501,71.11764705882354,1.2733464,0.059769116,8.0842471735345,8.0842471735345,0.01619215277282314,0.022349406,0.08803065,1.216827e-05,0.027219325,0.29957944,1.0
30280000,0.8027841,70.29411764705883,1.245322,0.052413367,9.059644171420265,9.059644171420265,0.01207353113054791,0.065047346,0.099636756,1.21555e-05,0.029658237,0.30934748,1.0
30290000,0.8601457,65.3125,1.0968168,0.05455358,7.834300193935633,7.834300193935633,0.009784854359168094,0.0030883288,0.08167479,1.2143876e-05,0.029104728,0.34321803,1.0
30300000,0.9141504,81.10526315789474,1.2126001,0.060868934,8.469544785587411,8.469544785587411,0.01566436158885297,0.056571305,0.08755783,1.2132287e-05,0.026022628,0.38567647,1.0
30310000,0.9233717,75.11764705882354,1.1525462,0.059193395,8.84221457503736,8.84221457503736,0.01391356652311515,0.04254424,0.090582214,1.2119397e-05,0.03329469,0.3946581,1.0
30320000,0.92431295,64.1875,1.23522,0.060518265,8.970004036146051,8.970004036146051,0.03055072485414498,0.0739335,0.0926879,1.2106316e-05,0.031916745,0.39490193,1.0
30330000,0.9455143,73.55555555555556,1.1928792,0.06550166,8.268821550740135,8.268821550740135,0.021199469894377723,0.038484205,0.09247929,1.209326e-05,0.03148548,0.41592097,1.0
30340000,0.9661734,220.89473684210526,1.1392038,0.06057863,7.251022328323942,7.251022328323942,0.067369094222637,0.026508205,0.09463798,1.2081494e-05,0.031276915,0.44103712,1.0
30350000,0.9702316,73.6842105263158,1.0184458,0.06275651,5.7708084253888385,5.7708084253888385,0.330873177821846,0.027168322,0.085130915,1.2069751e-05,0.05710169,0.4652002,1.0
30360000,1.0355431,65.125,1.0504365,0.05962666,8.636483320966363,8.636483320966363,0.012155341464676894,0.022389423,0.08665435,1.2056734e-05,0.030117402,0.51498896,1.0
30370000,1.053215,76.11764705882354,1.0825107,0.061264947,8.548500332981348,8.548500332981348,0.011301843434921466,0.025925944,0.08800614,1.2043668e-05,0.09606372,0.559768,1.0
30380000,1.0892106,2414.4444444444443,1.0929796,0.068378896,6.512456473058685,6.512456473058685,0.7041231167600736,0.004516523,0.09199933,1.2030708e-05,0.04139601,0.6434189,1.0
30390000,1.1171464,160.65,0.898333,0.06239659,5.6249712149596,5.6249712149596,0.23393880291841923,0.011209149,0.09777566,1.2019166e-05,0.04276986,0.6545366,1.0
30400000,1.143391,70.76470588235294,0.9594222,0.056572728,7.297611324226155,7.297611324226155,0.014440451776060988,0.0045175697,0.09353934,1.2007246e-05,0.026954114,0.6468517,1.0
30410000,1.1899704,87.78947368421052,1.023826,0.06302484,6.722609266148586,6.722609266148586,0.12368913569585666,0.0040333937,0.09546638,1.199436e-05,0.058006804,0.7130486,1.0
30420000,1.1917735,65.3125,0.9787598,0.050451975,7.823686631396413,7.823686631396413,0.011447656754171476,0.0022827727,0.09053817,1.198135e-05,0.03766828,0.78288394,1.0
30430000,1.1978918,76.17647058823529,0.95882624,0.059566937,7.039946708609076,7.039946708609076,0.2924846340491272,0.007367638,0.08988139,1.19682045e-05,0.060687743,0.77655756,1.0
30440000,1.1848205,138.26315789473685,1.0252908,0.07209125,6.982982180513204,6.982982180513204,0.07256654186149765,0.0040084915,0.084909834,1.1956518e-05,0.035981506,0.76909745,1.0
30450000,1.1686416,76.05882352941177,0.9697866,0.07213714,6.912674730314928,6.912674730314928,0.1930369031820994,0.0019598452,0.088286206,1.194476e-05,0.029036295,0.7088367,1.0
30460000,1.1615052,1680.6818181818182,0.9341844,0.060150776,5.615197250608702,5.615197250608702,0.429545177152084,0.009368722,0.09312702,1.1931793e-05,0.04796421,0.7359375,1.0
30470000,1.1578202,157.6,0.98087776,0.06575818,6.150399565652509,6.150399565652509,0.13858086955733598,0.014308497,0.08775816,1.1918828e-05,0.0400562,0.727685,1.0
30480000,1.1916072,108.52631578947368,0.86846864,0.0626434,6.4971548377846675,6.4971548377846675,0.029927998322010454,0.009236064,0.085896,1.1905997e-05,0.03424933,0.7838167,1.0
30490000,1.2283871,2641.608695652174,0.9342332,0.066154525,4.995908914048206,4.995908914048206,0.9761667950473149,0.012691569,0.096842855,1.18941725e-05,0.030165099,0.8428019,1.0
30500000,1.214774,76.69565217391305,1.0077908,0.058753017,5.874764639560295,5.874764639560295,0.019520654216016144,0.01695491,0.096487805,1.1882314e-05,0.02130813,0.81903327,1.0
30510000,1.2056025,116.23809523809524,1.0464829,0.06661246,6.769318007845868,6.769318007845868,0.07653134078136645,0.029830474,0.095956914,1.1869286e-05,0.033365056,0.7933543,1.0
30520000,1.1800649,84.77777777777777,0.93266594,0.05981111,5.770443961708154,5.770443961708154,0.02964811646502073,0.02978845,0.09063593,1.1856314e-05,0.024736341,0.7628518,1.0
30530000,1.1414098,93.63157894736842,0.98804003,0.05652957,6.785453229314751,6.785453229314751,0.035739360842853785,0.035563223,0.09214485,1.1843362e-05,0.026979346,0.679597,1.0
30540000,1.138192,76.4,1.1031301,0.06382095,6.784452172262328,6.784452172262328,0.02040683661055352,0.013627039,0.08746929,1.18303715e-05,0.028451562,0.6794919,1.0
30550000,1.1381615,106.78947368421052,0.9296665,0.06500984,6.209040177299788,6.209040177299788,0.0616639213710043,0.008009192,0.092853434,1.18187345e-05,0.028278923,0.6644901,1.0
30560000,1.1553541,192.57894736842104,0.95326585,0.060149524,6.991997314065597,6.991997314065597,0.07566296043315608,0.0073305727,0.09834327,1.1807131e-05,0.026736367,0.7235053,1.0
30570000,1.1665007,76.0,0.9714213,0.057195555,7.7406369131058455,7.7406369131058455,0.008688474248629063,0.0028150193,0.08151552,1.1794041e-05,0.023154564,0.7571036,1.0
30580000,1.2118714,168.375,0.937878,0.06123724,4.620611779235207,4.620611779235207,0.08033021357608959,0.012719773,0.09282158,1.1781091e-05,0.029074904,0.7959822,1.0
30590000,1.1785891,138.5909090909091,0.92518383,0.054472495,5.702355212027399,5.702355212027399,0.1460201837312938,0.030596966,0.09486388,1.1768207e-05,0.05619374,0.7628101,1.0
30600000,1.1096193,104.16666666666667,0.9781109,0.06459771,6.70045826666885,6.70045826666885,0.20494659674457377,0.22316217,0.098094866,1.1755336e-05,0.04541884,0.6507484,1.0
30610000,1.1147387,111.96,1.1746757,0.070544034,6.0277988699986595,6.0277988699986595,0.06682970334775745,0.067665175,0.09605066,1.1743492e-05,0.026985979,0.6639744,1.0
30620000,1.1423391,68.58823529411765,1.0090156,0.06255423,7.191514758502736,7.191514758502736,0.017128904952722436,0.02031781,0.092908494,1.1731637e-05,0.025327105,0.67860264,1.0
30630000,1.1554673,110.52631578947368,0.9625539,0.058578793,6.284958048845797,6.284958048845797,0.03459106198217916,0.004984717,0.0855484,1.1718606e-05,0.021340365,0.72192603,1.0
30640000,1.1819174,124.65,0.8694786,0.056159936,5.920676920223167,5.920676920223167,0.04715930556412786,0.015507896,0.09536638,1.1705691e-05,0.027601564,0.8070453,1.0
30650000,1.2119458,65.83333333333333,1.0660625,0.055766437,8.051903786028133,8.051903786028133,0.020195521195145213,0.032947525,0.09951155,1.169391e-05,0.021058282,0.84405017,1.0
30660000,1.1710975,192.55,1.0581131,0.058359284,6.4129301027362215,6.4129301027362215,0.052333944249853846,0.014344697,0.084029615,1.168213e-05,0.020637054,0.81033975,1.0
30670000,1.1913276,74.82608695652173,0.98294365,0.059578788,5.341124768490377,5.341124768490377,0.019365115678342787,0.016188756,0.086220786,1.1668956e-05,0.027145153,0.7554433,1.0
30680000,1.2052282,76.05882352941177,0.94439435,0.058547553,7.109581626513425,7.109581626513425,0.051555520704235226,0.006937464,0.085654676,1.1655978e-05,0.025495822,0.8065546,1.0
30690000,1.192691,183.8,1.0108978,0.05414491,6.398995925929285,6.398995925929285,0.06338544968748465,0.039066635,0.0908074,1.1643196e-05,0.025893953,0.7926966,1.0
30700000,1.1608269,86.44444444444444,0.98872274,0.053853475,6.804667646330523,6.804667646330523,0.018397736304905266,0.0050659464,0.08434056,1.1630256e-05,0.028955648,0.721806,1.0
30710000,1.1860021,78.6,1.0182905,0.059518907,6.600392520427704,6.600392520427704,0.02227317597717047,0.0113203535,0.07701842,1.161866e-05,0.024801668,0.74900043,1.0
30720000,1.1967983,115.4,0.95805544,0.06346447,6.197587026283145,6.197587026283145,0.18989123604260386,0.024151592,0.092151254,1.1606962e-05,0.06963991,0.7702495,1.0
30730000,1.1960043,95.36842105263158,1.0042112,0.062141094,6.027376144187309,6.027376144187309,0.20889088548229715,0.012451889,0.09518063,1.1594124e-05,0.041110404,0.81493986,1.0
30740000,1.2068458,12668.0,0.99635136,0.0635563,-0.12365838014220416,-0.12365838014220416,4.872528404293751,0.09323935,0.08844559,1.1581106e-05,0.033392992,0.759863,1.0
30750000,1.200987,70.76470588235294,0.9373012,0.05522125,7.3488260076983885,7.3488260076983885,0.012323529904653482,0.005645634,0.084919736,1.1568176e-05,0.03090201,0.7204396,1.0
30760000,1.2377557,259.05555555555554,0.9751964,0.069720484,7.174712642045569,7.174712642045569,0.2046294219002852,0.026800053,0.09274297,1.1556452e-05,0.05501871,0.75373954,1.0
30770000,1.2925814,137.14285714285714,0.9776985,0.07354237,6.167972253188511,6.167972253188511,0.17060791722033172,0.18125306,0.084905304,1.1544619e-05,0.05570793,0.89760864,1.0
30780000,1.2942802,76.05882352941177,1.0430605,0.07299612,7.342610109183523,7.342610109183523,0.012854683167663299,0.0038666502,0.08110516,1.1531796e-05,0.028619323,0.886515,1.0
30790000,1.2631521,142.0,0.9613589,0.07005066,6.562416968131887,6.562416968131887,0.15742092946005104,0.009267995,0.08957396,1.1518993e-05,0.05407704,0.88437414,1.0
30800000,1.2184255,112.65,1.0390165,0.071196824,6.841493241143288,6.841493241143288,0.020614299271255732,0.0035955042,0.08976476,1.1505957e-05,0.022635732,0.792837,1.0
30810000,1.2407267,74.11764705882354,0.97255135,0.06254017,7.422822449794587,7.422822449794587,0.012526748653994325,0.0036239487,0.08630202,1.1492852e-05,0.029027786,0.8042529,1.0
30820000,1.2477119,212.1578947368421,0.9570369,0.05661324,6.580070620187454,6.580070620187454,0.059842510988298604,0.0022164145,0.090734616,1.1480999e-05,0.021957887,0.79914564,1.0
30830000,1.2572283,84.95,1.0176615,0.058449157,6.548749494412914,6.548749494412914,0.026843690464738758,0.003155208,0.09427369,1.1469225e-05,0.023053534,0.84969026,1.0
30840000,1.2908146,87.05263157894737,0.94561315,0.06050493,6.102105692813271,6.102105692813271,0.170658596239886,0.010175871,0.0922835,1.1456088e-05,0.046893276,0.8246125,1.0
30850000,1.3333279,159.88888888888889,0.8847566,0.053866114,6.501493338230179,6.501493338230179,0.044193789065401584,0.03434423,0.0850522,1.144312e-05,0.039331634,0.9243859,1.0
30860000,1.3431193,121.17391304347827,1.096229,0.063993305,6.353667066232914,6.353667066232914,0.03589480542153899,0.007479879,0.102547124,1.1431439e-05,0.027841106,0.9788313,1.0
30870000,1.3515406,92.89473684210526,0.97453284,0.056340378,6.332991306470057,6.332991306470057,0.045360300640918706,0.002653741,0.08061238,1.1419745e-05,0.030272638,1.0085822,1.0
30880000,1.4028537,109.84210526315789,0.86218417,0.058076773,6.188188735808655,6.188188735808655,0.018007455839930724,0.011576946,0.094083376,1.140687e-05,0.03363635,1.0405921,1.0
30890000,1.401804,112.25,0.9829519,0.06924087,6.422990732393893,6.422990732393893,0.045047448795577066,0.01202019,0.090948164,1.1393847e-05,0.047257833,1.162318,1.0
30900000,1.3776609,85.88235294117646,0.8899895,0.06563036,6.576021457419676,6.576021457419676,0.03158078833674902,0.0077445656,0.09103672,1.1380769e-05,0.0380134,1.1251951,1.0
30910000,1.3393282,65.3125,0.9491427,0.0635807,7.798970269039273,7.798970269039273,0.012103446315450128,0.0012230882,0.08017789,1.13678725e-05,0.024861317,1.0416877,1.0
30920000,1.3196683,119.8695652173913,0.9833088,0.062553786,5.878645073394298,5.878645073394298,0.06002979161997285,0.0063138674,0.094182506,1.1356128e-05,0.037960492,0.9592154,1.0
30930000,1.3072109,105.73684210526316,0.96523994,0.06651783,7.023428929971703,7.023428929971703,0.023652337142266333,0.017430581,0.09098576,1.1344218e-05,0.04253617,0.8559043,1.0
30940000,1.3409988,65.3125,0.97607285,0.062350277,7.297976551687016,7.297976551687016,0.018259007771335104,0.0037856218,0.09452302,1.1331019e-05,0.030733358,0.8876707,1.0
30950000,1.2976406,74.22222222222223,1.0326108,0.05965604,7.392520884672801,7.392520884672801,0.01674101420212537,0.0014861,0.086541325,1.1318026e-05,0.025346851,0.84899914,1.0
30960000,1.305766,76.0,0.9583426,0.056466676,7.256497623289333,7.256497623289333,0.01308550319278284,0.0016731855,0.08571887,1.1306327e-05,0.024906108,0.84832215,1.0
30970000,1.3057159,64.11764705882354,1.0290074,0.057907093,7.8468562697663025,7.8468562697663025,0.009938205482766908,0.0014634356,0.08379287,1.1294615e-05,0.030244816,0.86586916,1.0
30980000,1.3078814,142.0,1.0429196,0.056889217,7.029368053676658,7.029368053676658,0.04537431872296637,0.040431004,0.087194815,1.1281672e-05,0.03561568,0.8645833,1.0
30990000,1.3183929,16395.65,0.9770342,0.056755234,6.434633493777341,6.434633493777341,5.8844060922580725,0.008938528,0.09650049,1.1268655e-05,0.03470318,0.8901903,1.0
31000000,1.2854973,98.13636363636364,0.9009745,0.0564975,4.948613816696192,4.948613816696192,0.028618892052453822,0.01886027,0.09802076,1.1255421e-05,0.029900257,0.87065744,1.0
31010000,1.2896168,62.5,1.1091652,0.065068506,7.899789212478532,7.899789212478532,0.011088836750584759,0.0043997946,0.09526061,1.1243722e-05,0.03208872,0.77119386,1.0
31020000,1.2886108,83.6,0.9392568,0.06313844,6.470220689710818,6.470220689710818,0.021516377187062494,0.0047284965,0.08985128,1.1231871e-05,0.035705164,0.8365909,1.0
31030000,1.2914503,67.52941176470588,1.0101314,0.06683372,8.015795199310078,8.015795199310078,0.020756236400783938,0.02564086,0.08984544,1.1218971e-05,0.036832735,0.834719,1.0
31040000,1.3119935,109.0,1.0041019,0.06295326,7.041994094963432,7.041994094963432,0.03630558347665808,0.0040848143,0.092870735,1.1205935e-05,0.04215235,0.8951906,1.0
31050000,1.3321878,67.5,0.94277596,0.06308047,5.595298540863124,5.595298540863124,0.07573047931708227,0.022512022,0.0973455,1.1194143e-05,0.0439877,0.8628942,1.0
31060000,1.3660986,488.7368421052632,1.0425806,0.073862605,6.552647849356217,6.552647849356217,0.2775577224950355,0.010651315,0.09026817,1.118238e-05,0.06246655,0.90921724,1.0
31070000,1.3635688,76.05882352941177,0.9549722,0.074832626,7.20685831062934,7.20685831062934,0.026983372990370673,0.011247712,0.08892874,1.1169379e-05,0.04172904,0.9560701,1.0
31080000,1.3255292,67.6470588235294,1.032445,0.071501166,7.987449733649983,7.987449733649983,0.03991667835918419,0.028553063,0.08830131,1.1156459e-05,0.037883356,0.8995265,1.0
31090000,1.2747042,137.11111111111111,1.0059227,0.07188857,7.127178010385655,7.127178010385655,0.08608825974968365,0.018953664,0.09255531,1.1143666e-05,0.04406008,0.8170296,1.0
31100000,1.2248755,74.27777777777777,1.0947078,0.0828758,8.051476245125135,8.051476245125135,0.04282669076282117,0.03802629,0.092491075,1.1130718e-05,0.046189494,0.718347,1.0
31110000,1.1769044,363.89473684210526,0.98517215,0.077354744,6.623562733551341,6.623562733551341,0.17905763730308727,0.013964459,0.10066628,1.111886e-05,0.047921006,0.6739722,1.0
31120000,1.2078489,141.875,1.0074728,0.08452099,5.327947118362531,5.327947118362531,0.15078990700809905,0.026901152,0.09678976,1.1107123e-05,0.047015954,0.6559406,1.0
31130000,1.2034199,78.89473684210526,0.97152257,0.07215338,6.492037300216524,6.492037300216524,0.03511607626109923,0.048044264,0.08873577,1.1094155e-05,0.0347,0.7142955,1.0
31140000,1.2158089,102.20833333333333,1.005624,0.07134581,5.625905541709911,5.625905541709911,0.03285151858290192,0.053027265,0.09509713,1.1081204e-05,0.040419668,0.7094985,1.0
31150000,1.2664741,108.19047619047619,0.96953887,0.07344998,6.014569902757881,6.014569902757881,0.06044069810083047,0.018784571,0.09617326,1.106823e-05,0.0436802,0.7626324,1.0
31160000,1.2649083,92.44444444444444,1.0033075,0.072597176,7.176834766945556,7.176834766945556,0.047152157691824764,0.0039693536,0.09029913,1.1056403e-05,0.02911244,0.7935724,1.0
31170000,1.2677069,105.56521739130434,1.01611,0.07420385,5.8817738130120905,5.8817738130120905,0.0382774290173193,0.019887986,0.101339415,1.1044738e-05,0.054045368,0.74362737,1.0
31180000,1.2892672,100.38095238095238,0.9687113,0.07549442,5.749201999343779,5.749201999343779,0.026667498007771514,0.012564669,0.09124936,1.1031758e-05,0.055814862,0.808139,1.0
31190000,1.3263496,407.04347826086956,0.92078274,0.08521798,5.067664235062303,5.067664235062303,0.14765766936698524,0.013192673,0.097614884,1.1018581e-05,0.065879025,0.88593453,1.0
31200000,1.4069597,76.3,0.91811675,0.094174996,5.931058869883418,5.931058869883418,0.050562976859509945,0.03871262,0.09195914,1.1005521e-05,0.080671735,0.9955823,1.0
31210000,1.403162,115.72727272727273,0.9898749,0.10879347,6.740905220673225,6.740905220673225,0.06919447901392621,0.048070468,0.086577155,1.0993883e-05,0.071962275,1.036666,1.0
31220000,1.3849794,146.1,0.9783151,0.10333777,6.110572859803256,6.110572859803256,0.0972620266082231,0.016926585,0.08727549,1.0982049e-05,0.0650892,1.0091877,1.0
31230000,1.3096328,94.0,1.011013,0.09890731,6.465889516434726,6.465889516434726,0.03494865816319361,0.0029653762,0.094925925,1.0968969e-05,0.045345545,0.9179641,1.0
31240000,1.2711732,97.94444444444444,0.9169458,0.083299644,6.877465669700391,6.877465669700391,0.04044480856585627,0.0085965,0.09097357,1.0955826e-05,0.03304701,0.8301824,1.0
31250000,1.2259036,160.52631578947367,0.9364077,0.07557972,6.474503231750293,6.474503231750293,0.06461005349717054,0.0054680873,0.093372226,1.0944068e-05,0.029875228,0.81799537,1.0
31260000,1.2189969,130.44444444444446,0.9605166,0.07419073,7.008095859767809,7.008095859767809,0.1299119375180453,0.0072849207,0.09144435,1.0932e-05,0.040830486,0.7720451,1.0
31270000,1.2016058,112.25,0.99898183,0.07914056,6.000090915881975,6.000090915881975,0.02903149166100082,0.011680377,0.095006354,1.0918938e-05,0.031620204,0.7511955,1.0
31280000,1.224747,171.1304347826087,0.94941175,0.0786862,6.014006714593971,6.014006714593971,0.049310698973662824,0.015741985,0.098198354,1.0905926e-05,0.03931781,0.7703365,1.0
31290000,1.207534,73.16666666666667,0.99747485,0.083385974,5.411320811758439,5.411320811758439,0.017792915259633446,0.0099446345,0.09239517,1.0892981e-05,0.030480793,0.78764933,1.0
31300000,1.2069649,104.33333333333333,0.9717716,0.081660286,6.764505202240784,6.764505202240784,0.04130011404372959,0.033654585,0.093133666,1.0881282e-05,0.030921478,0.77391696,1.0
31310000,1.1994293,143.0,0.97154844,0.07949009,6.968975695047346,6.968975695047346,0.06258397078555492,0.042803638,0.09212549,1.086964e-05,0.027438264,0.74085605,1.0
31320000,1.2141317,74.21052631578948,0.9849014,0.084636986,6.750864477534043,6.750864477534043,0.017903968581537668,0.017168056,0.09564722,1.0856762e-05,0.038946472,0.75516546,1.0
31330000,1.2401714,111.26086956521739,0.884908,0.08262522,5.397585943833076,5.397585943833076,0.05528940721516214,0.02377735,0.0889289,1.0843903e-05,0.04791806,0.7829261,1.0
31340000,1.247523,90.57894736842105,0.95262283,0.08929377,6.425954950261113,6.425954950261113,0.025465142202416535,0.005136029,0.093631834,1.0830915e-05,0.042974032,0.79981333,1.0
31350000,1.205241,85.45454545454545,0.9082878,0.08440897,5.309029948643663,5.309029948643663,0.09801115571888824,0.021542218,0.09713146,1.0817906e-05,0.044904403,0.7279366,1.0
31360000,1.2056482,76.65,0.9002299,0.08119368,5.883639812748879,5.883639812748879,0.02339870546129532,0.013222346,0.094581716,1.0806285e-05,0.03411849,0.7691311,1.0
31370000,1.1818061,92.05,0.97686344,0.08211651,6.453927865624427,6.453927865624427,0.02497727235968341,0.0018936198,0.09189813,1.0794553e-05,0.030811977,0.74495596,1.0
31380000,1.1481719,68.11764705882354,0.94381773,0.07969164,6.759749307351954,6.759749307351954,0.08393062760039945,0.011125279,0.095290594,1.0781554e-05,0.038985737,0.6846716,1.0
31390000,1.1119847,75.94117647058823,0.9950279,0.08326649,7.076381644781898,7.076381644781898,0.09600474577232757,0.03273544,0.08946828,1.0768663e-05,0.04161333,0.64377725,1.0
31400000,1.0878915,65.3125,1.0453019,0.08284323,8.166169092059135,8.166169092059135,0.015913302428089082,0.030611172,0.09329366,1.075569e-05,0.032973237,0.6018869,1.0
31410000,1.0636693,74.27777777777777,1.0529017,0.08476771,7.277746770117018,7.277746770117018,0.017339636623445485,0.0024801067,0.08992581,1.0743866e-05,0.032668713,0.5596813,1.0
31420000,1.0486717,907.8888888888889,0.939553,0.07141089,6.6817483725096185,6.6817483725096185,0.41152304046813193,0.004487031,0.088717684,1.0731976e-05,0.03345153,0.50473493,1.0
31430000,1.0334953,386.10526315789474,0.9213276,0.0810406,5.745855399864258,5.745855399864258,0.20238711584457442,0.027719256,0.08994653,1.0718604e-05,0.03688235,0.5097074,1.0
31440000,1.0009328,79.0,1.0058203,0.08313368,6.440541699543178,6.440541699543178,0.023848986078519374,0.023619663,0.088536024,1.0705504e-05,0.033692352,0.46501622,1.0
31450000,0.999481,80.26315789473684,1.005542,0.07968137,6.887419286527131,6.887419286527131,0.03384446320859225,0.03185021,0.088887766,1.0693728e-05,0.034128256,0.47553232,1.0
31460000,1.0400633,98.30434782608695,0.9689336,0.08128539,5.739061912043405,5.739061912043405,0.02873519725467897,0.0059050038,0.09839948,1.0682104e-05,0.030554527,0.48873624,1.0
31470000,1.0026218,77.38888888888889,0.95839316,0.07749188,6.759347544776069,6.759347544776069,0.013766167517234053,0.002662876,0.09160104,1.0669037e-05,0.02686497,0.5087009,1.0
31480000,0.99671555,91.5,0.98870575,0.07814349,6.964388129547135,6.964388129547135,0.02783540763711143,0.042135686,0.09599242,1.06560465e-05,0.034390103,0.45503172,1.0
31490000,0.9847853,72.38888888888889,1.1283073,0.08533612,8.041622921824455,8.041622921824455,0.0435271288216528,0.026647214,0.09273692,1.0644165e-05,0.03131509,0.47186422,1.0
31500000,0.981363,65.25,0.99809384,0.07948749,7.750605061650276,7.750605061650276,0.013301989856699947,0.0008487205,0.093575776,1.06324605e-05,0.029452596,0.4645957,1.0
31510000,1.000497,76.11764705882354,0.9773843,0.077529624,7.244635997449651,7.244635997449651,0.016170818235396463,0.0003232839,0.09300278,1.0619666e-05,0.029017005,0.4616839,1.0
31520000,1.0295012,139.72727272727272,1.0779542,0.08231106,6.384675028511,6.384675028511,0.04872051660839299,0.02050169,0.09703304,1.06066755e-05,0.03332515,0.48291907,1.0
31530000,1.0599173,74.83333333333333,0.9762085,0.07610034,7.2361150033333725,7.2361150033333725,0.01331634315497735,0.019358989,0.09955073,1.0593802e-05,0.026268233,0.52662396,1.0
31540000,1.0616971,65.3125,0.97941875,0.07497894,7.270666087374968,7.270666087374968,0.01504637168117744,0.00081917585,0.091234736,1.0580927e-05,0.028463218,0.52417296,1.0
31550000,1.0821792,340.4347826086956,1.05103,0.0793682,6.028172099080519,6.028172099080519,0.1015319888725848,0.07141105,0.097701296,1.0567934e-05,0.02741834,0.54005194,1.0
31560000,1.0669663,86.78947368421052,1.0694505,0.07692676,6.96384505339359,6.96384505339359,0.02194183952738776,0.029258026,0.094715305,1.055614e-05,0.028493643,0.5656363,1.0
31570000,0.998808,96.0,1.1229125,0.08501535,7.086340953955893,7.086340953955893,0.04399060481810011,0.021108558,0.095135145,1.0544123e-05,0.0328145,0.48637,1.0
31580000,0.97853273,79.55555555555556,1.2042023,0.08143658,8.03720145603936,8.03720145603936,0.02892519629217292,0.057788897,0.103947304,1.0530896e-05,0.03605689,0.44328204,1.0
31590000,0.96308464,71.88235294117646,1.1481633,0.080910906,8.05566226384219,8.05566226384219,0.01957582142751883,0.01539253,0.095976494,1.051787e-05,0.034465868,0.42084247,1.0
31600000,0.99870604,74.33333333333333,1.0837214,0.08669232,7.281165240539445,7.281165240539445,0.014925469359796908,0.0004270027,0.091782205,1.0506117e-05,0.033361897,0.45289853,1.0
31610000,0.97150487,76.11764705882354,1.020371,0.08060445,7.646178785492392,7.646178785492392,0.020796360400067094,0.023710892,0.096568264,1.0494534e-05,0.03137999,0.43016928,1.0
31620000,0.97928894,152.38095238095238,1.0823375,0.08379543,6.6650440986489965,6.6650440986489965,0.09207984569504679,0.04503102,0.09587595,1.0481568e-05,0.032230496,0.43258944,1.0
31630000,1.0195239,68.52631578947368,0.9806644,0.07953644,6.62737896920819,6.62737896920819,0.015384546407547436,0.0057876185,0.09849974,1.0468566e-05,0.029964348,0.4755458,1.0
31640000,1.0383369,162.6,0.9640064,0.07812724,5.920253966091513,5.920253966091513,0.10133109057787806,0.24017027,0.09668705,1.04566725e-05,0.03065232,0.5063684,1.0
31650000,1.034205,71.26315789473684,1.143517,0.08681735,8.051409716668882,8.051409716668882,0.015391731359015563,0.0014236395,0.10002581,1.0444911e-05,0.029354787,0.4859484,1.0
31660000,1.046587,76.0,1.0044261,0.079114504,7.221035322722266,7.221035322722266,0.014463858884375761,0.021074537,0.0966234,1.0431946e-05,0.032537933,0.48032197,1.0
31670000,1.0674348,64.17647058823529,1.1093764,0.08759821,8.444980388178545,8.444980388178545,0.010755768285461646,0.018576812,0.10147409,1.0419133e-05,0.033512823,0.5246309,1.0
31680000,1.0512706,76.11764705882354,0.99459654,0.08185255,7.177334220970378,7.177334220970378,0.014702836880186462,0.0003928599,0.104642406,1.0406118e-05,0.03048572,0.50173855,1.0
31690000,1.0549451,75.6470588235294,1.0264055,0.080030516,7.999860163997202,7.999860163997202,0.016115305924733335,0.00046242093,0.09198022,1.03930915e-05,0.030013049,0.4826108,1.0
31700000,1.0618994,74.33333333333333,1.1156275,0.08485676,7.393927236398061,7.393927236398061,0.025377296797362052,0.06965783,0.10258059,1.0381392e-05,0.03216883,0.51145655,1.0
31710000,1.0543543,65.25,1.036015,0.07321658,8.184111546725035,8.184111546725035,0.014465736472629942,0.019157704,0.101753786,1.0369577e-05,0.029908175,0.4804585,1.0
31720000,1.0373904,76.0,1.0664487,0.0739798,7.411032361142776,7.411032361142776,0.018334155566716456,0.01717506,0.09551909,1.0356527e-05,0.031126648,0.49815783,1.0
31730000,1.0617476,227.5,1.1200873,0.07864476,7.148093583215894,7.148093583215894,0.07652700165604073,0.0635405,0.09509338,1.0343547e-05,0.030929834,0.5101968,1.0
31740000,1.0459464,76.28571428571429,1.017198,0.08113542,5.294975812591257,5.294975812591257,0.20002776047857923,0.02509364,0.09659047,1.03305265e-05,0.04320485,0.50345916,1.0
31750000,1.0715902,89.73684210526316,1.0750054,0.08615727,7.156363597825954,7.156363597825954,0.025617856042165505,0.0038255458,0.09141208,1.03187385e-05,0.031122113,0.5110057,1.0
31760000,1.0872705,82.1,0.97494453,0.081964046,6.011815078184009,6.011815078184009,0.02351192325586453,0.0016853256,0.09919912,1.0307177e-05,0.039393976,0.50513095,1.0
31770000,1.051905,61.05882352941177,1.0434374,0.079909146,8.512483432888985,8.512483432888985,0.017977850046008825,0.0196106,0.10150548,1.0294164e-05,0.032153033,0.5080492,1.0
31780000,0.9774386,76.05882352941177,1.1419057,0.08436684,7.963559665613705,7.963559665613705,0.01730663269214953,0.036127888,0.10145166,1.028127e-05,0.034427393,0.4476935,1.0
31790000,0.95813495,76.0,1.1134381,0.07906552,7.883303796543794,7.883303796543794,0.03504985735943431,0.081586614,0.101298176,1.0268259e-05,0.03307364,0.41865984,1.0
31800000,0.9394769,75.23529411764706,1.1157533,0.0774292,8.137515620273703,8.137515620273703,0.023467114962199154,0.059269454,0.103272274,1.0256343e-05,0.03438444,0.39466962,1.0
31810000,0.94219005,64.11764705882354,1.0390745,0.07821203,7.7452192809432745,7.7452192809432745,0.015662256570067257,0.042941645,0.09287145,1.0244501e-05,0.03439636,0.3952926,1.0
31820000,0.9234538,75.41176470588235,1.2194346,0.08205232,8.273092144065433,8.273092144065433,0.029195289030515898,0.12219536,0.097885154,1.02315125e-05,0.033215407,0.4039343,1.0
31830000,0.8790133,65.25,1.016942,0.07497501,7.781083347275853,7.781083347275853,0.010469564163940959,0.00043155352,0.10282159,1.02186605e-05,0.032943122,0.34687424,1.0
31840000,0.85444146,78.78947368421052,1.156248,0.078884736,7.629949194820304,7.629949194820304,0.015347673588334337,0.027162667,0.09642352,1.0205648e-05,0.034618527,0.33450842,1.0
31850000,0.83280253,66.29411764705883,1.2174543,0.07273759,8.875902019879398,8.875902019879398,0.01587100711870281,0.058854565,0.094116986,1.0193836e-05,0.035135433,0.32716817,1.0
31860000,0.79707956,74.83333333333333,1.2633547,0.07069945,8.314021007882225,8.314021007882225,0.05194733277635856,0.062865034,0.10061067,1.0182224e-05,0.038967233,0.32422593,1.0
31870000,0.7832234,63.44444444444444,1.3361562,0.070627846,8.883686074780094,8.883686074780094,0.011091227824282315,0.048446417,0.09497311,1.0169247e-05,0.033414144,0.2911481,1.0
31880000,0.76712775,73.33333333333333,1.3594362,0.06869856,9.18511052429676,9.18511052429676,0.024998847886713013,0.07579849,0.09718217,1.0156231e-05,0.03423327,0.27966636,1.0
31890000,0.74318635,2014.111111111111,1.2656431,0.06963418,7.178594171321531,7.178594171321531,0.6667779199390983,0.050246824,0.09249355,1.0143194e-05,0.032595135,0.26275513,1.0
31900000,0.72617453,85.45,1.3168029,0.07030507,8.072490999172329,8.072490999172329,0.02010146428947337,0.06192514,0.093989104,1.0131435e-05,0.031149535,0.2567052,1.0
31910000,0.7091435,65.375,1.1343946,0.06747896,7.8655690383166075,7.8655690383166075,0.010162810860492755,0.0348968,0.096018955,1.0119625e-05,0.03163157,0.24164934,1.0
31920000,0.66311944,78.625,1.0045855,0.064254165,7.208193134516478,7.208193134516478,0.012475548952352256,0.0008730426,0.10293861,1.0106791e-05,0.031025404,0.23328331,1.0
31930000,0.6590013,63.529411764705884,1.1572512,0.0696858,7.907648748992121,7.907648748992121,0.028073996606775942,0.02253638,0.097308,1.0093736e-05,0.03271913,0.22876863,1.0
31940000,0.683782,120.3,1.157545,0.07135828,7.210880976403132,7.210880976403132,0.03045737398788333,0.02361317,0.09905501,1.0080905e-05,0.03182889,0.23157057,1.0
31950000,0.73308045,77.78947368421052,1.1897157,0.08964827,7.903259301362069,7.903259301362069,0.32958438562586945,0.058817882,0.097535826,1.0067854e-05,0.09541228,0.27240047,1.0
31960000,0.75183874,73.38888888888889,1.3515114,0.08914784,9.149342954158783,9.149342954158783,0.020173821339590683,0.100354895,0.09998042,1.0056107e-05,0.037415132,0.2643144,1.0
31970000,0.7417863,62.888888888888886,1.3269303,0.085355945,8.785238780909115,8.785238780909115,0.012442566907136805,0.051458884,0.09318553,1.0044456e-05,0.033669967,0.27355975,1.0
31980000,0.7763656,113.25,1.1202803,0.08257101,6.482966694679215,6.482966694679215,0.03557149581611156,0.0030775059,0.095792264,1.0031358e-05,0.03140957,0.28027943,1.0
31990000,0.7698704,86.11111111111111,1.1309086,0.07370736,7.4866692026099475,7.4866692026099475,0.031894250294297107,0.1047896,0.09247927,1.0018362e-05,0.033759348,0.29192346,1.0
32000000,0.77219987,70.16666666666667,1.119239,0.07335177,7.7883251657088595,7.7883251657088595,0.01370776625117287,0.03146849,0.09383929,1.0005286e-05,0.03500415,0.2635385,1.0
32010000,0.7922807,98.76470588235294,1.0500705,0.07013206,7.687897279297056,7.687897279297056,0.020721172071609867,0.0008820269,0.093667075,9.993504e-06,0.032362204,0.29312414,1.0
32020000,0.7985314,72.21052631578948,1.1301736,0.074827924,7.478516095562985,7.478516095562985,0.012857501235741534,0.02258864,0.092765726,9.981634e-06,0.032693435,0.3123706,1.0
32030000,0.7886788,70.52941176470588,1.0187626,0.06849505,7.9350075498223305,7.9350075498223305,0.014317822380689904,0.02700067,0.097841576,9.968486e-06,0.0333144,0.3041851,1.0
32040000,0.76303446,67.33333333333333,1.0554001,0.06878689,7.833417957648635,7.833417957648635,0.008367472397367237,0.03661129,0.09728831,9.956638e-06,0.033757,0.28520834,1.0
32050000,0.74657613,80.44444444444444,1.1766558,0.07152327,7.525905109114117,7.525905109114117,0.026976771956671856,0.057073336,0.09493958,9.944929e-06,0.033714905,0.29331312,1.0
32060000,0.765991,63.166666666666664,1.2682097,0.07350581,8.808516123228603,8.808516123228603,0.01074510264960635,0.11619885,0.09635044,9.932015e-06,0.031655468,0.25620684,1.0
32070000,0.788995,80.05555555555556,1.1628277,0.06743575,7.482199529806773,7.482199529806773,0.02058534253673214,0.09351731,0.099102326,9.919143e-06,0.03150312,0.2972584,1.0
32080000,0.8105202,65.88235294117646,1.1996403,0.06797818,8.702613430864671,8.702613430864671,0.013971032547380994,0.04872293,0.09791203,9.906042e-06,0.033414245,0.28984353,1.0
32090000,0.8291297,1325.0555555555557,1.1459453,0.081249066,7.404958975600923,7.404958975600923,0.4847179388614475,0.014859798,0.09368057,9.8929895e-06,0.043468535,0.30738035,1.0
32100000,0.7956668,89.35,1.1827341,0.07165097,7.937760393968539,7.937760393968539,0.025057094674067276,0.07047785,0.08670631,9.881337e-06,0.032521397,0.30573887,1.0
32110000,0.78866017,82.4,1.2635629,0.07230281,7.411172689071724,7.411172689071724,0.01814657448059214,0.018289749,0.10114735,9.869586e-06,0.032225497,0.30498743,1.0
32120000,0.7868324,68.05555555555556,1.1678802,0.07099765,7.5801495793792935,7.5801495793792935,0.01898888706152017,0.067329064,0.09378116,9.85648e-06,0.03543205,0.29611313,1.0
32130000,0.776597,65.3125,1.1304449,0.07384697,7.829466126859188,7.829466126859188,0.026966648903908208,0.057961393,0.10196932,9.843563e-06,0.034370083,0.29943457,1.0
32140000,0.8189067,101.3,1.1333724,0.074545465,7.002468526363373,7.002468526363373,0.050011971429921684,0.025639515,0.0950243,9.830336e-06,0.037267305,0.29599366,1.0
32150000,0.83009386,72.94117647058823,1.30203,0.073870875,10.122314628432779,10.122314628432779,0.023639611393103704,0.13553813,0.0940959,9.818532e-06,0.034019895,0.3106475,1.0
32160000,0.7981624,829.6842105263158,1.4071264,0.078668445,8.769918666364987,8.769918666364987,0.28281792070667605,0.27731895,0.090022564,9.80685e-06,0.03251338,0.3129923,1.0
32170000,0.81895024,122.55,1.2199644,0.0724329,6.708279798785225,6.708279798785225,0.052478134143166245,0.21001363,0.09877496,9.793921e-06,0.030751016,0.29875422,1.0
32180000,0.8199964,97.26315789473684,1.2178369,0.06990213,8.013429313328265,8.013429313328265,0.027916952452965473,0.07192552,0.09590047,9.780982e-06,0.033320818,0.3082757,1.0
32190000,0.828369,78.63636363636364,1.1176456,0.07619241,6.317869022488594,6.317869022488594,0.020061813117492767,0.013945025,0.09228065,9.76802e-06,0.032371134,0.31322736,1.0
32200000,0.85222906,73.25,1.2158602,0.072872646,9.174097243477316,9.174097243477316,0.014576026889057282,0.08332872,0.092942774,9.7562715e-06,0.030697605,0.3011276,1.0
32210000,0.8318163,73.0,1.3383911,0.07344028,9.212618244191011,9.212618244191011,0.015399866368776808,0.0561771,0.099552706,9.744571e-06,0.033121996,0.33654347,1.0
32220000,0.8160613,63.588235294117645,1.1528714,0.073788464,7.722284587100148,7.722284587100148,0.01825277946772985,0.08062885,0.09416616,9.731673e-06,0.034886237,0.33490318,1.0
32230000,0.81611556,75.55555555555556,1.2892158,0.0742112,8.347819078909723,8.347819078909723,0.01446189156022707,0.05104115,0.09939207,9.718491e-06,0.032121252,0.32115236,1.0
32240000,0.7809619,67.47058823529412,1.322935,0.072077565,8.895250793765573,8.895250793765573,0.020058829652364638,0.08507599,0.10324235,9.706655e-06,0.031750876,0.29182157,1.0
32250000,0.7668739,75.16666666666667,1.2635735,0.07113491,8.328806818359428,8.328806818359428,0.015463784725094834,0.08376084,0.09176383,9.694817e-06,0.033451594,0.27324435,1.0
32260000,0.76124024,174.52380952380952,1.0393146,0.07072481,5.821806955063571,5.821806955063571,0.05408079360148847,0.005070883,0.09586207,9.681741e-06,0.0314387,0.28520638,1.0
32270000,0.7854263,75.23809523809524,1.0575927,0.07469948,6.155915867714655,6.155915867714655,0.02279179335926615,0.008651905,0.09848837,9.6686e-06,0.032735612,0.28548354,1.0
32280000,0.7903846,65.4,1.0863415,0.078167655,6.447191864997149,6.447191864997149,0.442314951782987,0.053275585,0.09692468,9.655474e-06,0.067959234,0.30260321,1.0
32290000,0.7706847,71.33333333333333,1.218346,0.0864981,8.291258758968777,8.291258758968777,0.07405840116553009,0.04746656,0.093653016,9.643789e-06,0.030902917,0.2945122,1.0
32300000,0.74453247,63.5,1.3085842,0.08167495,8.729186033209166,8.729186033209166,0.01652532170474943,0.055578917,0.09358639,9.631963e-06,0.030224252,0.25211138,1.0
32310000,0.7717139,126.94444444444444,1.1326015,0.075302094,7.718192128399904,7.718192128399904,0.046851175568816766,0.03603203,0.09115496,9.618842e-06,0.031065037,0.27578408,1.0
32320000,0.7575314,72.76470588235294,1.2858555,0.0742527,9.1500482912011,9.1500482912011,0.042586139293716234,0.090649806,0.09661122,9.605789e-06,0.03582763,0.2710391,1.0
32330000,0.73959595,73.29166666666667,1.1789821,0.076674365,5.643056012457237,5.643056012457237,0.028573325339948497,0.0669135,0.09575026,9.592799e-06,0.03343881,0.2571078,1.0
32340000,0.72614944,82.7,1.3798896,0.08172335,8.778365550132003,8.778365550132003,0.023857500712620095,0.07217067,0.09849994,9.581153e-06,0.02979893,0.26855037,1.0
32350000,0.74422795,64.29411764705883,1.2598586,0.07781697,8.791696650140425,8.791696650140425,0.013423598652212498,0.08026184,0.09669565,9.569228e-06,0.03380324,0.2706613,1.0
32360000,0.70675075,73.94444444444444,1.2584074,0.075677514,8.24549449980259,8.24549449980259,0.014677165024396446,0.060199033,0.10043287,9.556265e-06,0.029515138,0.25887787,1.0
32370000,0.68427455,63.333333333333336,1.3714906,0.083644114,8.740147458182442,8.740147458182442,0.04191766610084516,0.056679297,0.09507978,9.543313e-06,0.03321572,0.23322403,1.0
32380000,0.70955294,122.3,1.3342233,0.076471604,7.984408014506333,7.984408014506333,0.07539448390598409,0.05509758,0.09723921,9.530364e-06,0.030193176,0.26042464,1.0
32390000,0.73706245,64.82352941176471,1.3017509,0.07355025,8.789611629703465,8.789611629703465,0.012580971302026334,0.06400779,0.09943288,9.51879e-06,0.028696205,0.26666307,1.0
32400000,0.73568,101.33333333333333,1.0661443,0.07081357,6.603958207327903,6.603958207327903,0.019541110571784277,0.00972029,0.09871445,9.507066e-06,0.031025385,0.25466895,1.0
32410000,0.71359307,60.6,1.084171,0.0704858,8.577806905905407,8.577806905905407,0.011549330844233433,0.037878282,0.093614824,9.49401e-06,0.037913766,0.2553739,1.0
32420000,0.68652165,467.4761904761905,1.2793535,0.08405173,6.915886663208464,6.915886663208464,0.22568249479047067,0.04211293,0.09680102,9.480985e-06,0.039237402,0.24023227,1.0
32430000,0.68216044,77.23529411764706,0.97658056,0.06498,7.243236478767358,7.243236478767358,0.015852707474550698,0.027456129,0.09570368,9.467976e-06,0.030088823,0.24297138,1.0
32440000,0.67133373,98.57142857142857,1.0531048,0.0654189,6.103484351816323,6.103484351816323,0.0365975576357662,0.041730694,0.09524917,9.456073e-06,0.029395387,0.24331272,1.0
32450000,0.67650723,66.94736842105263,1.2874433,0.07046815,8.51121609540362,8.51121609540362,0.020036315232956486,0.072882794,0.09548236,9.444222e-06,0.031833097,0.24165897,1.0
32460000,0.681536,98.1,1.3061645,0.07027874,8.043988066446037,8.043988066446037,0.022939814243,0.053732507,0.09292621,9.431344e-06,0.03346964,0.24023299,1.0
32470000,0.7008727,64.05882352941177,1.1656935,0.073628195,7.837507672169629,7.837507672169629,0.00918805375969147,0.0013832019,0.09107663,9.418498e-06,0.028064225,0.2633648,1.0
32480000,0.6920703,69.29411764705883,1.1091841,0.07986596,8.574303060770035,8.574303060770035,0.010140518308617175,0.04939311,0.10365246,9.405648e-06,0.3360858,0.26232022,1.0
32490000,0.6787441,72.5625,1.0587533,0.097313926,7.478385739466724,7.478385739466724,0.017933991573312703,0.03378459,0.10353882,9.393965e-06,0.030318163,0.24326856,1.0
32500000,0.69936043,62.55555555555556,1.1553539,0.088258296,7.95318609310521,7.95318609310521,0.00891408797017195,0.0003443078,0.097872876,9.382032e-06,0.030710474,0.2393539,1.0
32510000,0.72308224,80.16666666666667,1.1005342,0.07817668,7.515388048357433,7.515388048357433,0.013352016478569971,0.02507839,0.09069701,9.368967e-06,0.029267186,0.24950251,1.0
32520000,0.7692271,72.3125,1.0733792,0.07537214,7.944225860759616,7.944225860759616,0.012569748651003465,0.0243571,0.091639414,9.355868e-06,0.027597237,0.2769381,1.0
32530000,0.7423214,64.66666666666667,1.2842345,0.079487436,9.93980177711038,9.93980177711038,0.017966096707181457,0.11175407,0.101706356,9.34397e-06,0.031823993,0.28722468,1.0
32540000,0.7413783,79.21052631578948,1.333081,0.090632714,7.529502144455909,7.529502144455909,0.08508784666773864,0.023705151,0.09482232,9.332392e-06,0.037727185,0.25772,1.0
32550000,0.7676314,58.75,1.1468339,0.076393075,8.584111470729113,8.584111470729113,0.010296237662259955,0.11491662,0.09815079,9.319353e-06,0.028676981,0.29037467,1.0
32560000,0.7698982,75.75,1.1232908,0.07079248,8.162006471306086,8.162006471306086,0.027390934046707116,0.1459758,0.096095964,9.306362e-06,0.030440032,0.26559228,1.0
32570000,0.75322044,70.05882352941177,1.1769624,0.07054057,8.036555179778267,8.036555179778267,0.018090300508500898,0.082141615,0.100404166,9.2933e-06,0.027936941,0.2705839,1.0
32580000,0.69033575,72.45,1.4132365,0.07446862,8.257620060443879,8.257620060443879,0.016077229904476555,0.03023143,0.092562854,9.281249e-06,0.027545303,0.24982661,1.0
32590000,0.7127782,65.375,1.0646151,0.06682954,7.827359305694699,7.827359305694699,0.007692067367315758,0.095983066,0.10141084,9.269463e-06,0.026860546,0.21667197,1.0
32600000,0.72167915,78.625,0.9999505,0.06297632,7.156538598239422,7.156538598239422,0.016212639609875623,0.08981943,0.09089734,9.25663e-06,0.030309742,0.25363714,1.0
32610000,0.6966398,69.16666666666667,1.0736418,0.06485297,8.070874465739026,8.070874465739026,0.01542829320875599,0.027394,0.09744262,9.243663e-06,0.028320188,0.24433586,1.0
32620000,0.6984319,70.57894736842105,1.4049821,0.06881083,9.188984717428685,9.188984717428685,0.019592322368407623,0.08156756,0.09827329,9.230588e-06,0.0319139,0.25440037,1.0
32630000,0.65686405,65.47058823529412,1.3192921,0.066851154,8.758521055474,8.758521055474,0.011089901987682371,0.048174772,0.097392164,9.217771e-06,0.029342696,0.23048994,1.0
32640000,0.6541979,74.27777777777777,1.1371642,0.07142803,7.323958410157098,7.323958410157098,0.011066139080665179,0.0008374883,0.09437154,9.2061055e-06,0.026892493,0.21348102,1.0
32650000,0.6764694,70.29411764705883,1.0999253,0.06500451,8.012008184019257,8.012008184019257,0.012809700668132043,0.023398956,0.097963154,9.194404e-06,0.030223751,0.21968338,1.0
32660000,0.68806416,413.9047619047619,1.2705284,0.066068165,7.348740000943544,7.348740000943544,0.5303782753568763,0.07630138,0.090987906,9.181404e-06,0.028107226,0.25226867,1.0
32670000,0.6814903,66.35,1.3248769,0.067822024,8.096232703328132,8.096232703328132,0.020863207574439,0.14605518,0.092003934,9.168449e-06,0.0292586,0.25438896,1.0
32680000,0.6918722,95.15789473684211,1.2921736,0.06416336,8.483392400176902,8.483392400176902,0.01977605612850503,0.088674836,0.10209344,9.155498e-06,0.025489092,0.24781673,1.0
32690000,0.66175497,74.0,1.2092181,0.065789714,7.0203658012967365,7.0203658012967365,0.01188682911206821,0.0017523719,0.10017616,9.1438305e-06,0.027952563,0.21540964,1.0
32700000,0.6300872,93.6842105263158,1.2868756,0.067141086,8.2672347132496,8.2672347132496,0.02121261938315767,0.053227376,0.091633394,9.1320935e-06,0.026612122,0.21956463,1.0
32710000,0.58481115,69.94117647058823,1.2212801,0.065710954,8.000387773794287,8.000387773794287,0.01942826953360482,0.051522322,0.09611322,9.1190095e-06,0.030172918,0.1880511,1.0
32720000,0.55635643,74.11111111111111,1.2154987,0.06991492,8.30760557949543,8.30760557949543,0.016274800452972867,0.08592972,0.0964783,9.105907e-06,0.030623406,0.17631842,1.0
32730000,0.5560138,65.3125,1.0739285,0.06879776,7.821980267763138,7.821980267763138,0.009565091444528662,0.037730265,0.09494563,9.094016e-06,0.028077837,0.18523581,1.0
32740000,0.561264,132.9047619047619,1.0769432,0.070032656,6.567813585113202,6.567813585113202,0.06220123479596666,0.004678678,0.08839713,9.082001e-06,0.028924635,0.18510878,1.0
32750000,0.55522656,72.26315789473684,1.2176278,0.067613065,7.700310923925013,7.700310923925013,0.01973044109552958,0.06191227,0.09916924,9.06874e-06,0.02933141,0.18540505,1.0
32760000,0.56636554,84.35,1.249103,0.06757086,7.992533371597529,7.992533371597529,0.019806647853692995,0.08037658,0.0997747,9.055655e-06,0.027505774,0.18052723,1.0
32770000,0.57499546,57.64705882352941,1.1992152,0.06578471,8.637211406603456,8.637211406603456,0.009351967528345995,0.037251886,0.099666655,9.043936e-06,0.026245639,0.1926848,1.0
32780000,0.5667868,116.15,1.2054752,0.068326816,6.858973422882888,6.858973422882888,0.025761540823926527,0.030635972,0.095338926,9.032268e-06,0.025279015,0.18315697,1.0
32790000,0.5438193,59.125,1.1816534,0.069057524,8.506120320409536,8.506120320409536,0.023726525214442518,0.071120456,0.09771067,9.019254e-06,0.027859682,0.17638119,1.0
32800000,0.5373549,107.35,1.1153443,0.065196656,6.501703674317104,6.501703674317104,0.038026887723390246,0.06767552,0.09405124,9.0062385e-06,0.029279396,0.1816684,1.0
32810000,0.5831883,84.6,1.2143557,0.07033932,7.676646905578673,7.676646905578673,0.022744281380437315,0.0364873,0.101167396,8.993309e-06,0.026267845,0.19487974,1.0
32820000,0.5876581,87.4,1.0956409,0.059020136,6.727972271852195,6.727972271852195,0.020357060519745573,0.004936556,0.09802258,8.9814475e-06,0.027004946,0.19724324,1.0
32830000,0.61026704,76.66666666666667,1.051433,0.058666267,6.903976779224144,6.903976779224144,0.01562582118721265,0.04611613,0.094095245,8.969708e-06,0.026952317,0.21000461,1.0
32840000,0.618519,71.5,1.3883368,0.061584912,8.59573295339942,8.59573295339942,0.026206625683698803,0.08913235,0.101432994,8.956451e-06,0.027295243,0.21842143,1.0
32850000,0.63051397,97.47368421052632,1.2669933,0.062205166,8.051112962429299,8.051112962429299,0.021342715321991005,0.028927589,0.09949617,8.943447e-06,0.025836265,0.22202182,1.0
32860000,0.64698875,71.30434782608695,1.1829734,0.06184496,6.674358643601527,6.674358643601527,0.018575600641982062,0.091788076,0.10009374,8.931538e-06,0.02895303,0.21105215,1.0
32870000,0.62799835,72.6842105263158,1.2897426,0.058479648,7.986460233989515,7.986460233989515,0.02258616748363956,0.06274437,0.09669803,8.919844e-06,0.031400092,0.21681961,1.0
32880000,0.6047885,84.76190476190476,1.3415076,0.066262774,7.681723860025938,7.681723860025938,0.02191600753437905,0.080510095,0.093886375,8.9067735e-06,0.028131764,0.21140727,1.0
32890000,0.5970801,79.55555555555556,1.284348,0.06426672,8.388184310247501,8.388184310247501,0.016708763665519655,0.057053965,0.096598305,8.893747e-06,0.02657099,0.20665458,1.0
32900000,0.60665655,74.16666666666667,1.1819049,0.06661459,7.324496592084567,7.324496592084567,0.010172463578378988,0.0011221173,0.09516564,8.880897e-06,0.027983766,0.21653548,1.0
32910000,0.6180906,63.64705882352941,1.251949,0.06564115,8.864873230457306,8.864873230457306,0.010243460823617438,0.07665077,0.096680984,8.869169e-06,0.030154943,0.21346545,1.0
32920000,0.58506167,79.83333333333333,1.1675553,0.065405756,7.5940569010045795,7.5940569010045795,0.012857509654067043,0.028630909,0.09108679,8.857253e-06,0.026515126,0.19696695,1.0
32930000,0.6018523,65.3125,1.071841,0.065837696,8.418115658685565,8.418115658685565,0.014519139840558637,0.026383111,0.09597834,8.844096e-06,0.027509963,0.19143519,1.0
32940000,0.6110343,70.0,1.1523532,0.06206534,8.044783870963489,8.044783870963489,0.013882900499190916,0.028784383,0.098034844,8.8310235e-06,0.026898265,0.23033376,1.0
32950000,0.60411966,68.44444444444444,1.1954353,0.07087582,8.070424846476978,8.070424846476978,0.015680604433226917,0.052425146,0.09265193,8.818e-06,0.028197533,0.21103147,1.0
32960000,0.58843017,74.27777777777777,1.2515564,0.06825443,8.277343440386984,8.277343440386984,0.01817140153919657,0.035740543,0.09921274,8.80629e-06,0.028365731,0.21274227,1.0
32970000,0.5869027,68.94444444444444,1.3283051,0.06590456,9.003484764032894,9.003484764032894,0.012589169316925108,0.051848542,0.099806204,8.794512e-06,0.026199976,0.2054435,1.0
32980000,0.5969975,74.33333333333333,1.1707094,0.07047384,7.352329823705885,7.352329823705885,0.011034788149926398,0.026969293,0.106111646,8.781419e-06,0.026088467,0.2214221,1.0
32990000,0.6209501,59.4375,1.1422763,0.06846037,8.591278937645257,8.591278937645257,0.009215513760864269,0.02688396,0.094238624,8.768278e-06,0.031208158,0.22094646,1.0
33000000,0.60795206,85.66666666666667,1.0720937,0.075585976,6.555651572015551,6.555651572015551,0.11664366877327363,0.0063519613,0.098759726,8.756578e-06,0.039261922,0.23483482,1.0
33010000,0.61713153,58.1764705882353,1.1588198,0.07019224,8.603859284344841,8.603859284344841,0.01617267808657797,0.024147892,0.09089811,8.744888e-06,0.027737904,0.19945756,1.0
33020000,0.6068958,76.0,1.0253968,0.07571281,6.929589862332625,6.929589862332625,0.08533350172151319,0.005361953,0.096219815,8.731864e-06,0.03857011,0.21990263,1.0
33030000,0.6190402,70.52941176470588,1.103294,0.06745801,8.002232877647176,8.002232877647176,0.014591597664334318,0.02688242,0.100205086,8.718985e-06,0.02662763,0.21463132,1.0
33040000,0.63100374,939.0952380952381,1.1368729,0.064778015,6.482747928230922,6.482747928230922,0.33584512919298415,0.09869464,0.097461805,8.7060225e-06,0.027535543,0.21577196,1.0
33050000,0.65483266,62.333333333333336,1.1727219,0.06815174,7.906514565149943,7.906514565149943,0.008859470292615393,0.022626247,0.09859731,8.693019e-06,0.026565244,0.22186823,1.0
33060000,0.64393246,77.44444444444444,1.2172076,0.063317545,8.403828670581182,8.403828670581182,0.015365002954947866,0.07190137,0.09581339,8.681505e-06,0.026315382,0.21856067,1.0
33070000,0.6251596,70.0,1.1297402,0.061593004,8.051046239979128,8.051046239979128,0.009704752695089316,0.0008166504,0.103926204,8.6698155e-06,0.025735676,0.2101028,1.0
33080000,0.62336963,73.05263157894737,1.3084445,0.06611774,8.250176558369084,8.250176558369084,0.03437559379534306,0.08670321,0.09505472,8.656762e-06,0.031896483,0.2232823,1.0
33090000,0.6065043,137.05882352941177,1.0739515,0.06376274,7.767802428340586,7.767802428340586,0.04884342108305324,0.018195476,0.10170336,8.643536e-06,0.029863477,0.21563606,1.0
33100000,0.64234173,75.94117647058823,1.0528144,0.06530368,7.256151781362646,7.256151781362646,0.013958682799163987,0.0006162627,0.098943695,8.630582e-06,0.028754923,0.23012003,1.0
33110000,0.64871544,78.55555555555556,1.1931989,0.06589258,8.398807712727123,8.398807712727123,0.023609565997806687,0.03571767,0.09595135,8.619e-06,0.029397124,0.22964358,1.0
33120000,0.62506497,63.666666666666664,1.2934877,0.067449644,8.81315285132991,8.81315285132991,0.01338915230654594,0.066505186,0.09299433,8.607308e-06,0.02589142,0.22380543,1.0
33130000,0.62421775,59.3125,1.2001272,0.06539004,8.601293001323938,8.601293001323938,0.01063661716034403,0.053604294,0.093986236,8.5945085e-06,0.027520066,0.21221614,1.0
33140000,0.6128975,73.23529411764706,1.1899155,0.065913826,8.18645012904616,8.18645012904616,0.034240116241990644,0.10228709,0.09939556,8.581545e-06,0.02960534,0.20392224,1.0
33150000,0.5989911,75.7,1.3258867,0.06962827,8.299817696213722,8.299817696213722,0.015902966313296928,0.05161797,0.098043144,8.568577e-06,0.026701152,0.21785474,1.0
33160000,0.60876566,69.58823529411765,1.168795,0.06719922,7.98174197007628,7.98174197007628,0.02533434667651925,0.032356225,0.09588598,8.555751e-06,0.028922316,0.20353003,1.0
33170000,0.6283859,634.8333333333334,1.0647044,0.062319107,6.912151647887746,6.912151647887746,0.16443812464260393,0.033394028,0.09763479,8.544136e-06,0.028308313,0.22244619,1.0
33180000,0.62886006,74.77272727272727,1.1886216,0.0666571,6.912701306017962,6.912701306017962,0.034388973803619265,0.02884845,0.097347185,8.532272e-06,0.029997816,0.21966267,1.0
33190000,0.6390658,74.76470588235294,1.0750693,0.06523311,7.9981105678221756,7.9981105678221756,0.01563195254215423,0.02257347,0.096490115,8.519196e-06,0.03154334,0.22762485,1.0
33200000,0.6554787,69.6470588235294,1.0982072,0.06400619,7.987086318871555,7.987086318871555,0.013322543489801534,0.025167113,0.085323155,8.506117e-06,0.027552372,0.22599678,1.0
33210000,0.67466986,110.89473684210526,1.149617,0.060230456,7.618235417640891,7.618235417640891,0.023844303395081725,0.05687796,0.09034838,8.493055e-06,0.026939685,0.25121674,1.0
33220000,0.6801001,80.35,1.3750111,0.06405072,7.793673728903134,7.793673728903134,0.015146848717926159,0.058123544,0.094402626,8.481343e-06,0.02775676,0.24676591,1.0
33230000,0.65861964,92.66666666666667,1.3215894,0.058042504,7.652281981538094,7.652281981538094,0.04222633135283277,0.09086482,0.096680254,8.469576e-06,0.032341998,0.25090525,1.0
33240000,0.6655604,64.11764705882354,1.1801986,0.07050722,7.4627351673210365,7.4627351673210365,0.24799828770953944,0.010059419,0.09311455,8.456586e-06,0.054267146,0.22303991,1.0
33250000,0.68698156,101.85714285714286,1.1725768,0.061900415,7.5002554950328175,7.5002554950328175,0.019833180436398833,0.056758713,0.09893634,8.443666e-06,0.027066385,0.23489995,1.0
33260000,0.71367115,73.83333333333333,1.2646499,0.060026973,7.723220658047419,7.723220658047419,0.031448055518251895,0.11551677,0.099044666,8.430674e-06,0.03154839,0.25467366,1.0
33270000,0.70595026,79.42857142857143,1.3190706,0.06262668,7.752472798684245,7.752472798684245,0.01768413636247195,0.03791536,0.09794605,8.418971e-06,0.02827456,0.25507882,1.0
33280000,0.65837693,62.9375,1.1805307,0.06325851,8.555315636098385,8.555315636098385,0.01766736592981033,0.060010187,0.101106584,8.4072135e-06,0.031631105,0.24432988,1.0
33290000,0.61180687,79.66666666666667,1.2417351,0.067922466,7.583437577096952,7.583437577096952,0.028784466687486403,0.039443213,0.10345663,8.394213e-06,0.02852146,0.2177782,1.0
33300000,0.5995558,117.38888888888889,1.1796353,0.063872,8.117476504958985,8.117476504958985,0.03328394431284525,0.06290369,0.10318874,8.381057e-06,0.029475745,0.21211858,1.0
33310000,0.5844289,91.25,1.141931,0.0638684,6.677626137994229,6.677626137994229,0.01822256830637343,0.040767405,0.09802609,8.369182e-06,0.027528645,0.19472772,1.0
33320000,0.5985154,65.25,1.0394264,0.064345755,7.730106731876731,7.730106731876731,0.010818515314895194,0.0009487644,0.08415539,8.357247e-06,0.027194267,0.20597708,1.0
33330000,0.60734695,74.27777777777777,1.050262,0.06402739,7.329693171713087,7.329693171713087,0.012746878265817132,0.0005088948,0.09252976,8.34433e-06,0.027460014,0.20749816,1.0
33340000,0.62269986,69.17647058823529,1.1024677,0.06655942,7.998869271839366,7.998869271839366,0.04442590271013186,0.06117469,0.09831482,8.331554e-06,0.032599084,0.22201304,1.0
33350000,0.6313905,72.21052631578948,1.3046932,0.066265844,8.276719245471453,8.276719245471453,0.016724176030900133,0.053331207,0.096679725,8.318728e-06,0.028592464,0.2349246,1.0
33360000,0.63935596,57.3125,1.3188949,0.0655935,9.644918302074075,9.644918302074075,0.029609901590447407,0.06980252,0.0969479,8.305745e-06,0.028659608,0.22434261,1.0
33370000,0.5898836,74.22222222222223,1.0853702,0.064335115,7.296542262329774,7.296542262329774,0.013020519105553189,0.000959187,0.09330662,8.292881e-06,0.027380934,0.20048535,1.0
33380000,0.56225455,76.0,1.2007381,0.063679874,8.238000527024269,8.238000527024269,0.0142037025717501,0.038699165,0.10023197,8.281297e-06,0.02552025,0.1800881,1.0
33390000,0.59126115,73.72222222222223,1.125426,0.063722275,7.310714521341854,7.310714521341854,0.01310227290701328,0.03490496,0.09807412,8.269639e-06,0.030341536,0.20048153,1.0
33400000,0.6081561,65.125,1.0050397,0.061741862,7.7061357740312815,7.7061357740312815,0.009830262963077985,0.008325098,0.092799395,8.256865e-06,0.030343194,0.20744112,1.0
33410000,0.58409506,78.05263157894737,1.2122661,0.06578546,7.61699787409682,7.61699787409682,0.03614523948023194,0.059664406,0.094807506,8.243893e-06,0.03033765,0.19771662,1.0
33420000,0.58004534,257.15,0.98786485,0.05949802,6.001292637565439,6.001292637565439,0.10764779572054976,0.07614936,0.09895988,8.231047e-06,0.029167255,0.19543569,1.0
33430000,0.5430768,74.27272727272727,1.0272171,0.06191783,6.226701979610053,6.226701979610053,0.0118338183595535,0.00817361,0.09774037,8.218055e-06,0.026178535,0.19971076,1.0
33440000,0.5345035,69.17647058823529,1.0654832,0.062142324,8.04382302831201,8.04382302831201,0.013833390172187458,0.043081537,0.091783024,8.206447e-06,0.02873286,0.16569676,1.0
33450000,0.53909194,72.83333333333333,1.1404523,0.06389938,8.034526588188278,8.034526588188278,0.01449933212198731,0.027989954,0.0904521,8.194695e-06,0.027037203,0.18754832,1.0
33460000,0.53060776,76.0,1.0108008,0.06075277,7.236898595795912,7.236898595795912,0.009454057147890767,0.00065524556,0.09351306,8.181743e-06,0.024734132,0.1584584,1.0
33470000,0.5350992,145.77777777777777,0.9875847,0.058534645,7.159274229020144,7.159274229020144,0.04590477717711645,0.013260886,0.097200654,8.168799e-06,0.026595766,0.16913368,1.0
33480000,0.54780406,87.7,1.1557525,0.060416803,7.343439147120253,7.343439147120253,0.021824845955485388,0.032203507,0.0963072,8.155749e-06,0.02520058,0.17678508,1.0
33490000,0.5112544,65.25,1.0567862,0.059922524,7.765069717541337,7.765069717541337,0.007573608207167126,0.2446369,0.099894114,8.142824e-06,0.02361285,0.17112565,1.0
33500000,0.49352086,75.94117647058823,1.04174,0.062350307,7.024943648015752,7.024943648015752,0.1890897697851281,0.03369425,0.10018036,8.131277e-06,0.0515572,0.16424607,1.0
33510000,0.48356363,69.6470588235294,1.082202,0.06425483,8.04880669187097,8.04880669187097,0.017473314697032467,0.029051632,0.09390533,8.119545e-06,0.028242806,0.15435763,1.0
33520000,0.5284679,74.16666666666667,1.0787458,0.063510865,7.303805333044794,7.303805333044794,0.01364368840586394,0.0009167772,0.09805809,8.106533e-06,0.026195144,0.17278047,1.0
33530000,0.5181538,69.47058823529412,1.0720524,0.05072795,8.048279779798845,8.048279779798845,0.013333254644428106,0.02881374,0.09502662,8.093566e-06,0.025429467,0.17155418,1.0
33540000,0.5319786,74.33333333333333,1.0739526,0.05192566,7.354732915759087,7.354732915759087,0.013169589646471044,0.0008211193,0.097727805,8.080504e-06,0.02658864,0.1698809,1.0
33550000,0.5481764,58.125,1.0633056,0.051101636,8.608162617310882,8.608162617310882,0.018698912230320275,0.036354616,0.10108352,8.068686e-06,0.028895076,0.1686693,1.0
33560000,0.5690067,79.77777777777777,1.1136603,0.060408667,7.566445344024235,7.566445344024235,0.017500568258886535,0.029241126,0.09889363,8.056877e-06,0.026683832,0.17649509,1.0
33570000,0.5657576,64.05882352941177,1.0823824,0.06345335,7.870107677053003,7.870107677053003,0.0101728969363167,0.0005059468,0.10181551,8.04376e-06,0.025429998,0.18503776,1.0
33580000,0.5904824,80.05555555555556,1.1030949,0.062280092,7.544706246919102,7.544706246919102,0.01458382821874693,0.027908674,0.098371856,8.030877e-06,0.024729175,0.19222027,1.0
33590000,0.62364364,58.5,1.1261754,0.06044713,8.535658886656165,8.535658886656165,0.009949808780220337,0.02770629,0.09659703,8.017974e-06,0.02667157,0.21542987,1.0
33600000,0.62406725,3025.3684210526317,1.1242354,0.059673406,6.932187991194107,6.932187991194107,1.0129236079213257,0.03285299,0.09648476,8.006275e-06,0.024948277,0.20610926,1.0
33610000,0.63194674,82.35,1.2880831,0.05963945,8.014789932407439,8.014789932407439,0.020494210254400968,0.052924156,0.098423906,7.994546e-06,0.025830436,0.2117091,1.0
33620000,0.66196954,66.71428571428571,1.2335509,0.060528424,6.79858747834251,6.79858747834251,0.011577813769690692,0.0822786,0.09365536,7.981555e-06,0.027040577,0.23820134,1.0
33630000,0.65325373,68.55555555555556,1.3114195,0.061868362,8.993496177925003,8.993496177925003,0.01216542185930949,0.06161415,0.094744995,7.9686815e-06,0.026370713,0.2252136,1.0
33640000,0.6648771,69.05555555555556,1.3748149,0.06387979,9.141919059885872,9.141919059885872,0.013529029726568196,0.05988232,0.10258414,7.955701e-06,0.026247894,0.22226186,1.0
33650000,0.65753955,70.11111111111111,1.34839,0.06282851,9.118096109893587,9.118096109893587,0.01497891165005664,0.08383882,0.09715033,7.943787e-06,0.026205204,0.24294235,1.0
33660000,0.63846946,73.82352941176471,1.3048701,0.05867139,9.10788551323554,9.10788551323554,0.013459986246957937,0.085522965,0.10026182,7.931889e-06,0.025462735,0.22057971,1.0
33670000,0.6234962,68.0,1.2577219,0.063168876,8.934511232025484,8.934511232025484,0.011100191835259251,0.062471934,0.098591045,7.918646e-06,0.025852043,0.21010509,1.0
33680000,0.64563686,67.11111111111111,1.3596759,0.0638909,9.017975595262316,9.017975595262316,0.010762978966037432,0.059086323,0.09922301,7.905604e-06,0.024489706,0.2176528,1.0
33690000,0.6828659,67.4,1.0183791,0.0611317,7.702030128240585,7.702030128240585,0.012147675935799877,0.0020166296,0.09348414,7.893894e-06,0.028721374,0.23823604,1.0
33700000,0.7153499,79.0,1.2825322,0.071419515,8.315937647694035,8.315937647694035,0.3138479382461427,0.08394345,0.09567744,7.882231e-06,0.065155506,0.2664391,1.0
33710000,0.722544,2495.0,1.2356613,0.06808145,7.839748405758831,7.839748405758831,0.6078532437483469,0.08269952,0.09788953,7.869268e-06,0.029213514,0.25956672,1.0
33720000,0.7444006,70.10526315789474,1.170488,0.06719379,7.5756655319740895,7.5756655319740895,0.020991790978434056,0.054801483,0.09580934,7.855997e-06,0.029345889,0.26745123,1.0
33730000,0.7781023,79.44444444444444,1.1873769,0.06481787,7.86804052690665,7.86804052690665,0.026246777295859322,0.09055111,0.09784208,7.844109e-06,0.029120676,0.28615877,1.0
33740000,0.7941001,109.1304347826087,1.2471058,0.06860451,6.725994610024755,6.725994610024755,0.03073480909022138,0.041285507,0.09203128,7.832311e-06,0.028437177,0.30001527,1.0
33750000,0.8278741,81.94444444444444,0.94844776,0.06299063,6.52417693931299,6.52417693931299,0.015695965273254033,0.003156466,0.0928607,7.819193e-06,0.02808993,0.30541816,1.0
33760000,0.841102,122.63157894736842,1.1555654,0.06730824,7.482991161315065,7.482991161315065,0.04639228280192535,0.09292764,0.09692078,7.806083e-06,0.028578112,0.32573718,1.0
33770000,0.83809274,66.72222222222223,1.1036328,0.069513425,7.462960282961528,7.462960282961528,0.011605265899561346,0.008031843,0.09901089,7.792879e-06,0.029463882,0.30678964,1.0
33780000,0.82384336,79.89473684210526,1.2372463,0.07016343,8.440876932520615,8.440876932520615,0.016841064918002014,0.06719215,0.09440944,7.7811965e-06,0.029780233,0.31023088,1.0
33790000,0.815921,64.1875,1.1122235,0.06684366,8.772669862955809,8.772669862955809,0.012174700925243087,0.033087254,0.101250514,7.7694e-06,0.029995954,0.30990022,1.0
33800000,0.8408552,75.94117647058823,1.0970057,0.0666641,7.767925627091351,7.767925627091351,0.020939910784363747,0.05345332,0.10534481,7.756207e-06,0.03211991,0.32403424,1.0
33810000,0.81709766,65.375,1.0149378,0.06684485,7.803491812199354,7.803491812199354,0.01101856330933515,0.0016384302,0.09830155,7.743079e-06,0.027790805,0.317292,1.0
33820000,0.8248655,143.75,1.185067,0.06308905,8.110592690665726,8.110592690665726,0.04411038050893694,0.070674144,0.09899173,7.731255e-06,0.027519533,0.3185472,1.0
33830000,0.85803634,65.875,1.0298351,0.063152194,7.744625009596348,7.744625009596348,0.011624298953393009,0.019138591,0.1034924,7.719585e-06,0.026597643,0.32155585,1.0
33840000,0.86071354,102.78947368421052,1.0611582,0.0638934,7.297631769632365,7.297631769632365,0.02425923776010879,0.042469494,0.100635126,7.706503e-06,0.02890342,0.36688462,1.0
33850000,0.831179,65.8,1.0949903,0.06671559,8.566989501938224,8.566989501938224,0.011542282809386961,0.02156871,0.10044108,7.693522e-06,0.028318604,0.34416324,1.0
33860000,0.8686066,98.76190476190476,1.2176442,0.06853819,7.253244546469345,7.253244546469345,0.019961246982261184,0.023448842,0.096933916,7.681666e-06,0.027940672,0.3502895,1.0
33870000,0.89340544,66.86666666666666,0.99210966,0.064096525,8.52722016175588,8.52722016175588,0.010848392088276645,0.02042666,0.09656125,7.66984e-06,0.030082727,0.37350315,1.0
33880000,0.89177424,72.0,1.1640338,0.07033783,7.981231744090716,7.981231744090716,0.028646896231091686,0.019136135,0.09160341,7.6569395e-06,0.03031556,0.39561868,1.0
33890000,0.8509433,116.55,1.0042086,0.06414471,6.011236971104518,6.011236971104518,0.0353725295921322,0.0019762064,0.10072802,7.6440165e-06,0.028218996,0.34905687,1.0
33900000,0.8674482,74.58823529411765,1.0460849,0.06266227,8.037146375459784,8.037146375459784,0.014039922642576344,0.02203435,0.09770962,7.631e-06,0.030609045,0.35983938,1.0
33910000,0.8717261,93.7,1.0804695,0.067032725,7.129361349819718,7.129361349819718,0.020662742446323757,0.0014496257,0.096137784,7.6192614e-06,0.028006492,0.35780415,1.0
33920000,0.86499673,71.10526315789474,1.0342886,0.062055144,6.656164808571338,6.656164808571338,0.019681850404595025,0.024013272,0.0964162,7.6073893e-06,0.027536863,0.35256878,1.0
33930000,0.8331178,78.89473684210526,1.1978952,0.0579477,8.605187619987287,8.605187619987287,0.019061227941787558,0.020492077,0.100291595,7.594294e-06,0.03029121,0.34690428,1.0
33940000,0.8672497,81.73684210526316,1.0344151,0.06445589,6.093766894387572,6.093766894387572,0.09625983689789121,0.051815856,0.09493699,7.5813477e-06,0.03967494,0.3379705,1.0
33950000,0.87384796,73.4090909090909,1.0139465,0.06244505,6.236675393723306,6.236675393723306,0.024993475493309752,0.06310947,0.099052735,7.568399e-06,0.028413605,0.37035996,1.0
33960000,0.8826288,70.76470588235294,1.1347227,0.06205938,8.100091279432592,8.100091279432592,0.017946100535078183,0.05899784,0.098092325,7.555588e-06,0.027771909,0.3510709,1.0
33970000,0.8610639,88.42105263157895,1.19084,0.05988927,7.9082841528089425,7.9082841528089425,0.022742707429355698,0.12758146,0.09635658,7.5427647e-06,0.030009579,0.34892553,1.0
33980000,0.8338162,69.82352941176471,1.170772,0.06594622,8.003511358709897,8.003511358709897,0.03286319724558031,0.31125015,0.09366012,7.531182e-06,0.028889949,0.33278272,1.0
33990000,0.79885006,83.3157894736842,1.1517317,0.066129886,7.308083617373517,7.308083617373517,0.018069946127453523,0.04358227,0.09210547,7.519352e-06,0.027394349,0.3169833,1.0
34000000,0.8061614,111.41176470588235,1.034454,0.063523985,7.5389966361181,7.5389966361181,0.03393635105834726,0.027332863,0.09951821,7.50626e-06,0.029844359,0.31378993,1.0
34010000,0.77977127,71.05263157894737,1.2358975,0.06562186,8.506888362922167,8.506888362922167,0.01624703377264699,0.07952613,0.096052095,7.493078e-06,0.029122498,0.30768684,1.0
34020000,0.7315098,71.61111111111111,1.3833748,0.06027092,10.146608033600975,10.146608033600975,0.01909380848519504,0.11388743,0.10055447,7.481432e-06,0.02997574,0.28849846,1.0
34030000,0.7277009,66.73333333333333,1.1822342,0.066298224,7.786306247115135,7.786306247115135,0.00905305788910482,0.04091219,0.096907035,7.469874e-06,0.029505562,0.258469,1.0
34040000,0.73737764,121.9,1.3232491,0.067989364,8.006316882377028,8.006316882377028,0.04243668738636188,0.04889104,0.0983248,7.4568393e-06,0.030875588,0.28698257,1.0
34050000,0.7261234,63.588235294117645,1.3792318,0.067556076,9.766565045889687,9.766565045889687,0.018188123241998255,0.07866204,0.09870837,7.4435993e-06,0.028499514,0.26008326,1.0
34060000,0.75397694,517.3157894736842,1.2419887,0.06681227,7.395813246867371,7.395813246867371,0.16158554305959688,0.040187236,0.09769982,7.4316795e-06,0.02831852,0.28211617,1.0
34070000,0.75026006,1210.9473684210527,1.1231118,0.07055715,7.058995425332514,7.058995425332514,0.4000941903734776,0.06678982,0.08567521,7.4197933e-06,0.027805809,0.28757232,1.0
34080000,0.6905109,115.30434782608695,1.3055117,0.06365945,7.855548169973664,7.855548169973664,0.03911463725987984,0.14040282,0.09194036,7.4067852e-06,0.028475568,0.27007225,1.0
34090000,0.6914706,80.3076923076923,1.2996558,0.06476391,6.015390886101299,6.015390886101299,0.02636898427898324,0.111164525,0.08964726,7.39386e-06,0.02880384,0.25237095,1.0
34100000,0.6796258,103.95238095238095,1.2267972,0.06661777,6.740952277655846,6.740952277655846,0.027724084854569463,0.066539735,0.09835353,7.3808587e-06,0.02869359,0.2563873,1.0
34110000,0.6605827,77.23809523809524,1.2906704,0.07325089,7.595645020405452,7.595645020405452,0.018279783727068986,0.064124055,0.09938253,7.3679466e-06,0.029209834,0.2485083,1.0
34120000,0.63421863,65.5,1.2772365,0.075478494,8.607530583937963,8.607530583937963,0.021396170816539477,0.1540327,0.09772419,7.35634e-06,0.063285396,0.23734325,1.0
34130000,0.64268094,121.55,1.2150567,0.07693587,7.022608978436802,7.022608978436802,0.027071307692676783,0.09834154,0.09544115,7.344571e-06,0.029092133,0.24157155,1.0
34140000,0.66656965,100.89473684210526,1.1771722,0.06963317,7.660066109248682,7.660066109248682,0.17513011478034682,0.064062275,0.10361481,7.3312904e-06,0.032825343,0.22890544,1.0
34150000,0.6855891,195.42105263157896,1.1514589,0.07025515,6.764216654856269,6.764216654856269,0.07275902120837648,0.07225932,0.08813617,7.318289e-06,0.03106675,0.26399294,1.0
34160000,0.690292,94.89473684210526,1.0552288,0.066419825,6.632403546907046,6.632403546907046,0.016094861634835405,0.007191733,0.08343146,7.3065944e-06,0.026903285,0.24699235,1.0
34170000,0.676153,122.44827586206897,1.1845056,0.058790848,5.502256754662751,5.502256754662751,0.03920310435431271,0.06610462,0.095071234,7.2948656e-06,0.030995062,0.25916272,1.0
34180000,0.6797713,57.8421052631579,1.1514031,0.067029595,7.03525071395071,7.03525071395071,0.011585661516475835,0.07902239,0.0966496,7.2818e-06,0.030496716,0.24236317,1.0
34190000,0.6798313,96.45454545454545,1.1900629,0.06905927,6.651922645755803,6.651922645755803,0.02276130831292407,0.066599965,0.10096141,7.268917e-06,0.031249797,0.2456588,1.0
34200000,0.7077289,70.52941176470588,1.127104,0.06820732,8.061110875185799,8.061110875185799,0.012235984363702728,0.027956437,0.09776895,7.2558396e-06,0.027134042,0.2651946,1.0
34210000,0.7208619,83.42105263157895,1.0906329,0.07033691,6.901924211727946,6.901924211727946,0.011768501288698692,0.0021841177,0.09835652,7.2428857e-06,0.027646592,0.25126374,1.0
34220000,0.72612834,110.15789473684211,0.9584276,0.062462114,6.505242500494966,6.505242500494966,0.02576924944074371,0.007934857,0.09085178,7.2311936e-06,0.028785618,0.25646988,1.0
34230000,0.69405085,71.52631578947368,1.0635414,0.06722121,7.3818589597940445,7.3818589597940445,0.008931184064648632,0.019618327,0.08762506,7.2193675e-06,0.029068444,0.262438,1.0
34240000,0.6777548,171.94444444444446,1.2581075,0.06437534,8.880138721793358,8.880138721793358,0.0507650462861516,0.095691495,0.09140654,7.206216e-06,0.0307828,0.2438285,1.0
34250000,0.68869656,75.52631578947368,1.3199694,0.06895749,8.398706153819436,8.398706153819436,0.024669399472737785,0.12622598,0.104733184,7.1932736e-06,0.030972224,0.2510952,1.0
34260000,0.68188316,66.1875,1.2069601,0.05901527,8.844270130619407,8.844270130619407,0.011948625564400572,0.06575345,0.099233985,7.181514e-06,0.030609583,0.28617764,1.0
34270000,0.7118087,76.0,1.1586366,0.063399754,7.232599580989165,7.232599580989165,0.017557610702865264,0.10874476,0.094790444,7.169884e-06,0.028649028,0.26279768,1.0
34280000,0.68671674,145.73684210526315,1.247211,0.06554558,8.254025027728929,8.254025027728929,0.042149097587465996,0.05466608,0.0945932,7.156894e-06,0.029113501,0.25842294,1.0
34290000,0.677214,70.11764705882354,1.1843942,0.07777183,7.659592554849737,7.659592554849737,0.40063665193669934,0.060168643,0.094763055,7.1436175e-06,0.055503476,0.25198272,1.0
34300000,0.6801858,72.3125,1.0771104,0.06919405,8.016073852777481,8.016073852777481,0.013877430392312817,0.052090038,0.09863831,7.1305285e-06,0.028613646,0.26809502,1.0
34310000,0.6875165,103.95238095238095,1.3803335,0.077006966,8.596837693581445,8.596837693581445,0.03778901416254008,0.118152454,0.09707713,7.1188106e-06,0.03404909,0.2734334,1.0
34320000,0.674017,78.5625,1.024718,0.06885177,7.1393661592155695,7.1393661592155695,0.013642113641253673,0.018421274,0.097552635,7.1069635e-06,0.028079813,0.25628012,1.0
34330000,0.6397071,90.78947368421052,1.134181,0.06373258,7.735610851723897,7.735610851723897,0.022151687929994966,0.06077099,0.09095741,7.0940114e-06,0.029476741,0.23658392,1.0
34340000,0.63222176,84.42105263157895,1.2547861,0.06782545,7.689575971937494,7.689575971937494,0.030976428932167198,0.08399026,0.09408989,7.0812175e-06,0.03008159,0.21754897,1.0
34350000,0.6328743,58.05882352941177,1.2476432,0.07160411,8.673012752743329,8.673012752743329,0.016478554016965276,0.041652285,0.1002781,7.0681926e-06,0.027976379,0.23711593,1.0
34360000,0.61939615,76.11764705882354,1.068772,0.06515768,7.213925422991023,7.213925422991023,0.012513672083835392,0.016737662,0.09044584,7.0564743e-06,0.028733121,0.22770202,1.0
34370000,0.5954731,356.63157894736844,0.99329466,0.0538483,6.314346642001271,6.314346642001271,0.19505299127807743,0.012386568,0.09056276,7.044874e-06,0.026961723,0.20628336,1.0
34380000,0.5819778,79.05263157894737,1.0646834,0.08390729,7.038102004263136,7.038102004263136,0.2904996041260246,0.015175246,0.098456286,7.0320857e-06,0.049552754,0.19724691,1.0
34390000,0.5757974,75.0,1.001432,0.07070163,6.62551226052973,6.62551226052973,0.016418459708802402,0.009203198,0.09746751,7.019194e-06,0.026573423,0.19940567,1.0
34400000,0.6034782,69.29411764705883,1.0658828,0.06810188,8.045170400072546,8.045170400072546,0.02143518894445151,0.08449993,0.09951503,7.0063543e-06,0.026540097,0.20976606,1.0
34410000,0.6126374,74.16666666666667,1.0669588,0.07012544,7.265787354773945,7.265787354773945,0.009440921628589017,0.00077501975,0.10084166,6.993504e-06,0.025563305,0.21661337,1.0
34420000,0.6258338,70.23529411764706,1.051312,0.06749753,8.041715404566597,8.041715404566597,0.011381314725012463,0.025689285,0.09076228,6.9804764e-06,0.0278369,0.21428414,1.0
34430000,0.6322669,74.0,1.1773343,0.06729129,8.26586101949215,8.26586101949215,0.016755680372524593,0.031216338,0.096608326,6.968756e-06,0.027476365,0.20647809,1.0
34440000,0.627432,65.3125,1.1181666,0.08052959,7.507466234266758,7.507466234266758,0.11069955069979187,0.038422216,0.095133506,6.9570365e-06,0.039461546,0.22178638,1.0
34450000,0.60921836,72.63157894736842,1.283499,0.07664435,8.334268467990976,8.334268467990976,0.0167114371678939,0.04924813,0.09344399,6.9441485e-06,0.027006384,0.21992178,1.0
34460000,0.621642,59.0625,1.160944,0.069789745,8.629429521039128,8.629429521039128,0.009804474117117934,0.025418019,0.099791564,6.9310745e-06,0.025842179,0.20734307,1.0
34470000,0.6063983,79.5,1.1856458,0.0713301,7.51023072997729,7.51023072997729,0.020430848073576473,0.13516794,0.094564594,6.918102e-06,0.027731841,0.21224113,1.0
34480000,0.58527064,75.05555555555556,1.2314656,0.07146983,8.245122528738445,8.245122528738445,0.012413423107419577,0.03453105,0.0924128,6.906543e-06,0.023771953,0.20070553,1.0
34490000,0.575332,69.0,1.2182064,0.07403776,8.056624533401596,8.056624533401596,0.016386371590973187,0.024142418,0.095963545,6.894661e-06,0.025509208,0.18725838,1.0
34500000,0.58545995,74.55555555555556,1.1918736,0.06793947,8.215365721119774,8.215365721119774,0.014182100693384806,0.051411547,0.09668656,6.881666e-06,0.024973202,0.21129532,1.0
34510000,0.584815,258.1111111111111,1.1618624,0.06930964,7.7828295225381225,7.7828295225381225,0.07603768723331289,0.05759542,0.09051432,6.8685426e-06,0.029381508,0.20679446,1.0
34520000,0.56451243,58.8125,1.1641493,0.06926906,8.558140616863966,8.558140616863966,0.01413447225058917,0.028786536,0.09767665,6.855333e-06,0.027348528,0.20963982,1.0
34530000,0.5773824,94.71428571428571,1.1741374,0.07545595,6.751712935294411,6.751712935294411,0.10811261400037135,0.043351736,0.09280332,6.8437134e-06,0.051138297,0.19922687,1.0
34540000,0.5774554,63.76470588235294,1.2303504,0.07389779,8.840137380010942,8.840137380010942,0.014962771791033447,0.05208541,0.095846355,6.8319023e-06,0.02719221,0.21207137,1.0
34550000,0.58467805,103.45,1.1859155,0.06951374,7.115957954570676,7.115957954570676,0.02121509982297491,0.034132604,0.0984888,6.818786e-06,0.025383541,0.20489213,1.0
34560000,0.59695226,66.21052631578948,1.24384,0.06805914,7.724742228537798,7.724742228537798,0.016591790766688062,0.05949818,0.09512983,6.8056593e-06,0.027487228,0.2019107,1.0
34570000,0.6178718,74.61111111111111,1.2182921,0.064295895,8.295790412359768,8.295790412359768,0.014417520045147588,0.057422053,0.1036454,6.7927913e-06,0.023933131,0.2271662,1.0
34580000,0.6029551,65.25,1.1063987,0.06754641,7.850899737328291,7.850899737328291,0.008326570386998355,0.0012904394,0.099086165,6.780914e-06,0.025474932,0.19243178,1.0
34590000,0.6039611,73.77777777777777,1.2177688,0.069303274,8.30031114568313,8.30031114568313,0.01043787581147626,0.056837033,0.09445502,6.76911e-06,0.023736116,0.189769,1.0
34600000,0.59330046,62.833333333333336,1.3249885,0.07117122,8.78799274067084,8.78799274067084,0.010787260168904645,0.054691054,0.09706202,6.756038e-06,0.024160396,0.19195114,1.0
34610000,0.57876,73.66666666666667,1.2791903,0.068009496,8.270348577035797,8.270348577035797,0.012137518458378812,0.05695541,0.10578092,6.743105e-06,0.024239548,0.17919537,1.0
34620000,0.6026848,78.05555555555556,1.2798226,0.0716665,8.456555603279007,8.456555603279007,0.02344191897039612,0.047356866,0.09936201,6.7313827e-06,0.02752918,0.18964674,1.0
34630000,0.6008422,57.76470588235294,1.2575324,0.07481924,8.628116213223514,8.628116213223514,0.009007759460741106,0.05496367,0.0970901,6.719563e-06,0.025486395,0.21612489,1.0
34640000,0.5948048,79.77777777777777,1.1482531,0.06828727,7.549414116475317,7.549414116475317,0.012642328362239318,0.028132448,0.09559673,6.7063183e-06,0.024153,0.19270852,1.0
34650000,0.5970558,59.25,1.1542078,0.06924758,8.543794000521302,8.543794000521302,0.009388899488840252,0.029485803,0.090392336,6.693352e-06,0.02434199,0.19766982,1.0
34660000,0.6079153,80.5,1.1503006,0.07014218,7.4865863091415825,7.4865863091415825,0.013549062067694548,0.032139707,0.089240834,6.6816597e-06,0.027812608,0.20100428,1.0
34670000,0.6374282,60.888888888888886,1.371206,0.071887985,9.76654221696986,9.76654221696986,0.010105604693914453,0.08892812,0.09173392,6.6697808e-06,0.026130026,0.21801627,1.0
34680000,0.64068615,75.3529411764706,1.3116941,0.068165906,9.227433576303369,9.227433576303369,0.01550210765152074,0.088051334,0.09748979,6.656671e-06,0.027685532,0.21052165,1.0
34690000,0.64294165,65.25,1.1530162,0.07210313,7.802065270021558,7.802065270021558,0.007834385287424084,0.029715097,0.09501453,6.6436382e-06,0.024410471,0.21617565,1.0
34700000,0.6231247,71.1,1.4411004,0.079299614,9.281336531043053,9.281336531043053,0.03283167137997225,0.06699486,0.09887104,6.630418e-06,0.030967358,0.20251091,1.0
34710000,0.6278737,78.625,1.0681266,0.07413173,7.1342367976903915,7.1342367976903915,0.024824295862345025,0.06549871,0.09918725,6.618828e-06,0.025373414,0.20337708,1.0
34720000,0.60185564,75.0,1.3096373,0.07303122,9.29059174325731,9.29059174325731,0.016335800115484744,0.056820136,0.09453031,6.6072957e-06,0.024566472,0.20689483,1.0
34730000,0.59587276,64.17647058823529,1.152835,0.078345664,8.385469406843185,8.385469406843185,0.027579565566745314,0.055686217,0.10033113,6.5945146e-06,0.030519191,0.19378269,1.0
34740000,0.5829526,72.73684210526316,1.2541232,0.074832074,8.230703055858612,8.230703055858612,0.019986136596546404,0.050903402,0.09625746,6.5817367e-06,0.025525192,0.18530625,1.0
34750000,0.5754409,64.76470588235294,1.3726243,0.07452091,8.812516354852253,8.812516354852253,0.0248638245716898,0.14382023,0.09743176,6.5688196e-06,0.027427197,0.18678918,1.0
34760000,0.5608606,76.3529411764706,1.2078332,0.06912414,8.807055616751313,8.807055616751313,0.014426854118937626,0.055410076,0.09875687,6.555735e-06,0.024951765,0.16862302,1.0
34770000,0.560601,62.94444444444444,1.3374043,0.074066915,8.285387619545585,8.285387619545585,0.012093066274629612,0.056102384,0.095609084,6.542888e-06,0.024391193,0.16933294,1.0
34780000,0.57805187,76.11764705882354,1.1163888,0.072220854,7.3334051966667175,7.3334051966667175,0.009877623682019903,0.0011443506,0.095739365,6.5311547e-06,0.022497214,0.18363047,1.0
34790000,0.5786126,64.05882352941177,1.2472708,0.07130413,8.80119130891912,8.80119130891912,0.01095610361217576,0.055223566,0.087401904,6.519411e-06,0.023514722,0.18364613,1.0
34800000,0.57185835,63.76470588235294,1.2361194,0.07468716,8.837133681072908,8.837133681072908,0.011614535483257735,0.05641073,0.09313723,6.506542e-06,0.026266515,0.17542695,1.0
34810000,0.5471617,78.10526315789474,1.2337968,0.09511794,7.242093431322198,7.242093431322198,0.38453931963732957,0.036478974,0.09802931,6.4936553e-06,0.06591273,0.18072793,1.0
34820000,0.5822992,65.25,1.059277,0.07519386,7.7939363569021225,7.7939363569021225,0.011051947498344816,0.0007448034,0.08569157,6.480307e-06,0.023180237,0.17992692,1.0
34830000,0.60947716,73.21052631578948,1.3001631,0.07612004,8.336099656004654,8.336099656004654,0.01550892934105114,0.07026599,0.09772068,6.468579e-06,0.027066605,0.18500091,1.0
34840000,0.64171773,63.8235294117647,1.2505275,0.07407754,8.79587084756178,8.79587084756178,0.015720901517745328,0.05511292,0.10198325,6.4569876e-06,0.024816677,0.20736551,1.0
34850000,0.64216816,77.44444444444444,1.1900251,0.07112435,8.400858072673573,8.400858072673573,0.013479252229444683,0.09128411,0.10648541,6.4437954e-06,0.024193097,0.19397093,1.0
34860000,0.63815176,73.47368421052632,1.3858111,0.07660948,8.33812855105651,8.33812855105651,0.012380190046602174,0.054977965,0.10405781,6.430623e-06,0.025569748,0.20672114,1.0
34870000,0.6242052,56.125,1.3839545,0.082210355,9.615393501870772,9.615393501870772,0.01200270765077542,0.07388353,0.09615721,6.4188393e-06,0.02725033,0.21273646,1.0
34880000,0.63482386,74.11764705882354,1.166733,0.077349395,8.259396144572426,8.259396144572426,0.011385474641643026,0.03501803,0.09766884,6.4069454e-06,0.025666106,0.19458368,1.0
34890000,0.6425862,81.61111111111111,1.2412945,0.080453925,8.638958344856897,8.638958344856897,0.01767251744038529,0.033594217,0.097690366,6.3938955e-06,0.027814975,0.20365305,1.0
34900000,0.67014086,64.11764705882354,1.095843,0.077744216,7.779810536652803,7.779810536652803,0.009511027288681362,0.041009326,0.09437624,6.3808875e-06,0.0231965,0.20735511,1.0
34910000,0.6876556,74.05882352941177,1.2140962,0.081531994,8.285780603686968,8.285780603686968,0.020938774913601164,0.08698648,0.09791728,6.3679036e-06,0.0264321,0.22261505,1.0
34920000,0.6986742,66.0,1.259525,0.075536266,8.746015005251941,8.746015005251941,0.01156802789088996,0.0628733,0.10336363,6.35618e-06,0.022640076,0.25178874,1.0
34930000,0.7239783,74.0,1.1781083,0.07550656,9.176241291686893,9.176241291686893,0.01276562777638901,0.0729181,0.0990298,6.344326e-06,0.025009468,0.23867886,1.0
34940000,0.70364493,80.77777777777777,1.2839488,0.07940443,8.414305736621221,8.414305736621221,0.013588298636022955,0.053786706,0.09377428,6.331401e-06,0.02599359,0.2504384,1.0
34950000,0.6962497,56.5,1.393197,0.08807509,9.511402030785879,9.511402030785879,0.00806877200698687,0.08517685,0.091808766,6.3184734e-06,0.024464041,0.23498495,1.0
34960000,0.7040381,77.55555555555556,1.3476142,0.08047904,9.29474758108457,9.29474758108457,0.014073549427040335,0.07604168,0.10339041,6.3054576e-06,0.023438198,0.24793911,1.0
34970000,0.7050115,71.125,1.2583246,0.07877321,9.035552145913243,9.035552145913243,0.012237044982612133,0.07503407,0.09262006,6.29368e-06,0.025304776,0.22208485,1.0
34980000,0.7177377,72.27777777777777,1.2256484,0.08911829,8.105066772964266,8.105066772964266,0.015243958106212731,0.0014109123,0.09586458,6.2817126e-06,0.024962686,0.24906966,1.0
34990000,0.7212774,68.11111111111111,1.2580714,0.07995763,8.99826796615825,8.99826796615825,0.012873787610955974,0.0791312,0.09713353,6.2685735e-06,0.025780743,0.2426172,1.0
35000000,0.72292614,67.33333333333333,1.0786271,0.07956648,7.789996270090342,7.789996270090342,0.010390004121290985,0.001084056,0.09489684,6.2556296e-06,0.025363242,0.2519412,1.0
35010000,0.75626135,83.27777777777777,1.094226,0.08017596,7.532892937461535,7.532892937461535,0.015292092724444551,0.02335322,0.098490596,6.2438776e-06,0.024432957,0.26597863,1.0
35020000,0.7733287,59.470588235294116,1.2369975,0.087775126,9.54318215566523,9.54318215566523,0.009559583138017094,0.049366325,0.101350084,6.232213e-06,0.025452811,0.2848689,1.0
35030000,0.80205774,81.55555555555556,1.2777495,0.080636404,9.163029809792837,9.163029809792837,0.015210868241006715,0.05552138,0.09374627,6.219257e-06,0.024765156,0.29711473,1.0
35040000,0.83285373,65.3125,1.1119527,0.0794682,8.430682260543108,8.430682260543108,0.010383191314758733,0.039513063,0.09483449,6.206311e-06,0.027006352,0.3248733,1.0
35050000,0.84019685,73.5,1.1834909,0.084420465,8.130706364909807,8.130706364909807,0.011022189218137,0.019985769,0.098630264,6.1931605e-06,0.026390215,0.34488034,1.0
35060000,0.8402416,65.25,1.0459756,0.080377,7.726018978282809,7.726018978282809,0.012640307395486161,0.0023844582,0.09115141,6.181323e-06,0.026130427,0.30649263,1.0
35070000,0.87377304,1181.9473684210527,1.1191071,0.07964232,7.859117615218003,7.859117615218003,0.25451963263589683,0.038584158,0.08714564,6.169532e-06,0.028311562,0.3376888,1.0
35080000,0.90007794,65.375,1.1584396,0.08218116,8.087187134167728,8.087187134167728,0.016637818066074568,0.057989508,0.09854226,6.156692e-06,0.027181331,0.373879,1.0
35090000,0.9059149,97.15789473684211,1.1713307,0.097059734,6.583081477504541,6.583081477504541,0.8115909549340262,0.08921554,0.09695788,6.143794e-06,0.103279635,0.3961372,1.0
35100000,0.92176926,65.25,1.0719987,0.09144691,7.776988621801138,7.776988621801138,0.016554140049265698,0.008774107,0.095522426,6.130728e-06,0.02943919,0.39373976,1.0
35110000,0.9238671,76.05882352941177,1.1350014,0.08840564,7.568308258757872,7.568308258757872,0.018550717532086897,0.06784554,0.09398463,6.118959e-06,0.031209052,0.38900578,1.0
35120000,0.9479957,64.0,1.2396487,0.089734495,8.232376889270896,8.232376889270896,0.013365756925743292,0.05562666,0.09489922,6.1073697e-06,0.03009668,0.3891098,1.0
35130000,0.9617691,85.55555555555556,1.12285,0.083324455,6.8074103775951595,6.8074103775951595,0.02007151226927009,0.021758948,0.0865127,6.0941557e-06,0.029247528,0.45364466,1.0
35140000,0.96455246,139.35294117647058,1.0839506,0.08659585,7.852990000192007,7.852990000192007,0.14866231099757202,0.03321936,0.0958572,6.081021e-06,0.02915735,0.43336302,1.0
35150000,0.9859122,74.22222222222223,1.1510873,0.09150014,6.906182256009844,6.906182256009844,0.118378375372332,0.024750225,0.099360146,6.068163e-06,0.06376468,0.44539294,1.0
35160000,0.9871471,1013.1666666666666,1.0184757,0.07645139,6.790493270357833,6.790493270357833,0.27520217311878997,0.009265147,0.09223179,6.056431e-06,0.03019217,0.4266734,1.0
35170000,0.98207885,89.44444444444444,1.0470536,0.0846915,6.433531230522527,6.433531230522527,0.16766203258238319,0.027118748,0.09675668,6.0446787e-06,0.051365666,0.45319796,1.0
35180000,0.9894132,76.0,1.1415356,0.0801919,7.556499398806515,7.556499398806515,0.02640507714001133,0.053940386,0.09810357,6.031659e-06,0.032766946,0.44568795,1.0
35190000,0.99531585,96.47368421052632,1.1240405,0.08685983,7.053086558934171,7.053086558934171,0.03686689247230166,0.034295306,0.09575449,6.0186226e-06,0.026880344,0.4567112,1.0
35200000,0.9681497,159.52631578947367,1.0516341,0.0804573,6.661577404533388,6.661577404533388,0.04559436452741226,0.07216354,0.09992526,6.0055877e-06,0.0372416,0.43058378,1.0
35210000,0.9664216,106.9,1.1049781,0.08000915,7.195271337963641,7.195271337963641,0.20274184456793592,0.05951777,0.094467625,5.9940035e-06,0.03201633,0.4557715,1.0
35220000,0.98544675,63.6875,0.9821284,0.0996542,7.026796963065863,7.026796963065863,0.01846823183586821,0.08858004,0.097686544,5.982314e-06,0.32408845,0.44579563,1.0
35230000,0.9883761,122.28571428571429,1.1360358,0.09734172,7.040697384835888,7.040697384835888,0.3135347208451657,0.005686103,0.095460095,5.9693843e-06,0.028034076,0.434352,1.0
35240000,0.9772258,65.25,0.94172555,0.083762035,7.699680594603221,7.699680594603221,0.013682726615418991,0.001025854,0.101976275,5.9564777e-06,0.028665334,0.4217742,1.0
35250000,0.9987143,94.0952380952381,0.9983552,0.081188634,5.8540942559907725,5.8540942559907725,0.02681118392766538,0.0064757667,0.096588984,5.943496e-06,0.028500099,0.42708945,1.0
35260000,1.0158395,67.26666666666667,0.9048027,0.077683546,7.712038461367289,7.712038461367289,0.01608669215347618,0.0006524961,0.093320586,5.930682e-06,0.026122624,0.47130117,1.0
35270000,1.0002499,133.15,1.1286944,0.08118262,6.4047714001852,6.4047714001852,0.03905147326877341,0.0998355,0.09901854,5.918956e-06,0.027521022,0.45142505,1.0
35280000,0.98332113,116.52380952380952,1.020132,0.082868785,6.141005829301571,6.141005829301571,0.05486789009300992,0.08433236,0.099863164,5.90722e-06,0.031271867,0.44820952,1.0
35290000,0.9739302,72.05263157894737,1.167893,0.0830387,6.707900907704607,6.707900907704607,0.0206004777981434,0.07422965,0.09894022,5.894371e-06,0.028958654,0.43849865,1.0
35300000,0.96231425,78.77777777777777,1.163051,0.08255126,7.526807366048589,7.526807366048589,0.016400957370505613,0.06247435,0.09358027,5.8814667e-06,0.028235942,0.41972294,1.0
35310000,0.9611939,107.68,1.1566044,0.0907538,5.206307314348167,5.206307314348167,0.18440997381157315,0.033893444,0.09644739,5.8684927e-06,0.090190455,0.42082986,1.0
35320000,0.9756477,73.77777777777777,1.2198845,0.08687704,8.076655000448227,8.076655000448227,0.018332855685407087,0.089482084,0.09725473,5.8555006e-06,0.03170547,0.42450628,1.0
35330000,0.9740226,88.54545454545455,1.101468,0.08060188,6.189112482899376,6.189112482899376,0.02524745161115954,0.03489452,0.09721484,5.8438072e-06,0.029979926,0.4341587,1.0
35340000,0.97299594,78.5625,1.109671,0.08224516,7.570003962144256,7.570003962144256,0.02173721200961154,0.043128286,0.09494518,5.832087e-06,0.029218763,0.43295783,1.0
35350000,0.96114886,96.3157894736842,1.1224478,0.08642128,7.195189718489641,7.195189718489641,0.026756590232253075,0.009066742,0.093859494,5.8189407e-06,0.027931562,0.42819732,1.0
35360000,0.95880485,89.78947368421052,1.1716005,0.08131032,7.08106170045702,7.08106170045702,0.018677312617288215,0.058683075,0.096798524,5.8058913e-06,0.02688316,0.40670046,1.0
35370000,0.9823712,65.375,1.1023282,0.07925392,8.443267613649368,8.443267613649368,0.011584671417949721,0.023901725,0.093865156,5.7930583e-06,0.030686077,0.42407274,1.0
35380000,0.9936121,76.0,1.0759988,0.08003444,7.262396943919799,7.262396943919799,0.014691785361398669,0.030801907,0.09825556,5.781333e-06,0.02615867,0.4480099,1.0
35390000,0.9910811,63.88235294117647,1.1230732,0.08449319,7.829607027418473,7.829607027418473,0.015420304693500786,0.039900903,0.10357044,5.7696666e-06,0.029231077,0.43667287,1.0
35400000,1.0055712,174.6153846153846,1.0010406,0.07972159,4.903660738383045,4.903660738383045,0.07046506467920083,0.118153706,0.09992626,5.7567113e-06,0.02779525,0.4463907,1.0
35410000,1.0069003,76.0,1.080552,0.079240516,7.803242930594613,7.803242930594613,0.016246634015046498,0.009201328,0.09059219,5.7437605e-06,0.028926998,0.4440592,1.0
35420000,1.0113622,110.8,1.0887036,0.084036894,6.663998348941095,6.663998348941095,0.04076545955904294,0.026827756,0.08767956,5.7308885e-06,0.031437837,0.45551625,1.0
35430000,1.0298848,96.94736842105263,0.9192581,0.07765036,5.805920919570206,5.805920919570206,0.02882424303281464,0.027981026,0.09683656,5.7190055e-06,0.026453316,0.4793805,1.0
35440000,1.0033495,73.83333333333333,1.0603607,0.08389373,7.330873045656416,7.330873045656416,0.01563019947692131,0.0033332824,0.09095012,5.707231e-06,0.029207159,0.45680827,1.0
35450000,1.0005957,65.3125,1.0032032,0.07923925,7.757793787866831,7.757793787866831,0.012552803404105362,0.0057146205,0.0963348,5.6942386e-06,0.028002787,0.4658687,1.0
35460000,0.98312783,74.38888888888889,1.0992008,0.083461866,7.35389111439387,7.35389111439387,0.013093579250077406,0.021034917,0.09561804,5.681085e-06,0.028914338,0.4298684,1.0
35470000,0.98279464,148.47826086956522,1.0003401,0.07619917,5.574092233488282,5.574092233488282,0.04844528375922338,0.07154123,0.090081275,5.668174e-06,0.029593414,0.42332911,1.0
35480000,0.96853715,78.0,1.1679835,0.079021245,7.631450995018608,7.631450995018608,0.02171548278267054,0.08816967,0.09481462,5.6564663e-06,0.036994796,0.42947,1.0
35490000,0.94893956,101.0,1.0546598,0.076616816,6.5794554392082825,6.5794554392082825,0.06525072582169539,0.011775296,0.09288843,5.644672e-06,0.030942714,0.3921335,1.0
35500000,0.9570118,91.9090909090909,1.1140939,0.0771434,6.416569589891217,6.416569589891217,0.0334341864165088,0.036201894,0.09242056,5.6317426e-06,0.03347362,0.37984374,1.0
35510000,0.98705435,90.11764705882354,0.99306846,0.0761814,6.783383937992363,6.783383937992363,0.02499609703146335,0.0066230046,0.10086934,5.6187696e-06,0.031752367,0.43942946,1.0
35520000,0.97313476,74.6842105263158,1.0477486,0.0830461,6.798516700142308,6.798516700142308,0.01666709033796858,0.024341566,0.09943119,5.6056447e-06,0.030927861,0.42379436,1.0
35530000,0.9553392,109.0,0.95263076,0.07673325,6.6373352779766925,6.6373352779766925,0.028284068588012207,0.012929852,0.09836273,5.5940345e-06,0.03063181,0.43277872,1.0
35540000,0.9194942,88.63636363636364,0.9992204,0.08316194,5.651373127433048,5.651373127433048,0.1495434588591293,0.035534676,0.09661775,5.582288e-06,0.050408147,0.41334257,1.0
35550000,0.91823965,93.21052631578948,1.1029662,0.08374922,7.797294419896054,7.797294419896054,0.018756091619204534,0.026165763,0.09899856,5.5692626e-06,0.028382173,0.36932284,1.0
35560000,0.9388426,91.05555555555556,1.0381639,0.07979406,6.811604006759201,6.811604006759201,0.024451189150568098,0.048734996,0.087238386,5.556044e-06,0.029218012,0.38754898,1.0
35570000,0.941539,63.64705882352941,1.1680838,0.08478589,9.23953802795971,9.23953802795971,0.016538722611799398,0.061529547,0.09672173,5.5429414e-06,0.03326221,0.39239845,1.0
35580000,0.96851873,74.23529411764706,1.1852685,0.08436739,8.958166371373569,8.958166371373569,0.017964880105436724,0.066553295,0.09873259,5.5312057e-06,0.029815393,0.4206318,1.0
35590000,0.96434474,85.61111111111111,1.0442098,0.08509255,7.2192993935416725,7.2192993935416725,0.014774740707841428,0.00080563873,0.09726002,5.5195605e-06,0.030726105,0.407092,1.0
35600000,0.954444,5473.863636363636,1.042691,0.08630988,5.837789903441013,5.837789903441013,1.4484478644368683,0.024359485,0.09524002,5.50659e-06,0.029110242,0.39742923,1.0
35610000,0.93839204,2896.1111111111113,1.0045058,0.08228794,7.068929657393166,7.068929657393166,0.9271411452415016,0.023692332,0.09559778,5.493589e-06,0.031142246,0.3926373,1.0
35620000,0.9068621,111.73913043478261,1.0886009,0.0801032,6.10577635821149,6.10577635821149,0.053150353545788676,0.02483046,0.09247322,5.4816796e-06,0.03358752,0.36173633,1.0
35630000,0.91298,90.3,1.028052,0.080878966,7.053451750917654,7.053451750917654,0.03146531230672017,0.032395326,0.0975057,5.4698016e-06,0.03186657,0.3732503,1.0
35640000,0.9194334,67.2,1.0403577,0.085784405,7.688607629388571,7.688607629388571,0.012164085215772502,0.114327356,0.09157021,5.4568945e-06,0.033586487,0.37639624,1.0
35650000,0.9068271,112.33333333333333,1.1116116,0.08354764,7.75163985712364,7.75163985712364,0.030487744389877964,0.051570825,0.088307105,5.4438924e-06,0.029553661,0.36056462,1.0
35660000,0.90748703,66.2,1.041441,0.08374057,6.82244288623333,6.82244288623333,0.3662493721640203,0.10248979,0.09382014,5.4308794e-06,0.37482518,0.36891323,1.0
35670000,0.8769474,197.625,1.2696043,0.1090715,6.704321435558313,6.704321435558313,0.2281216538588827,0.115529165,0.09658072,5.4189945e-06,0.046992883,0.3629727,1.0
35680000,0.86822355,98.18181818181819,1.1104491,0.09146422,5.841778598986408,5.841778598986408,0.0355786625368637,0.097697,0.09484668,5.4070524e-06,0.03202542,0.34653214,1.0
35690000,0.84837097,85.56521739130434,1.0323362,0.08835551,5.5734264591465825,5.5734264591465825,0.03960103057619088,0.09832724,0.08882884,5.394066e-06,0.03409924,0.34599647,1.0
35700000,0.80467415,84.35,1.2169054,0.0931576,7.24573989957571,7.24573989957571,0.19088671928620898,0.15136576,0.098517805,5.3810218e-06,0.07074666,0.3419953,1.0
35710000,0.8065412,77.04166666666667,1.2248712,0.091891,6.931856154494553,6.931856154494553,0.03062441928119844,0.33493418,0.097283326,5.3681156e-06,0.035481796,0.29632917,1.0
35720000,0.76662433,147.31578947368422,1.33915,0.08745921,8.249802249521599,8.249802249521599,0.061741104151587935,0.12149099,0.09521193,5.35637e-06,0.03335133,0.29230812,1.0
35730000,0.7617875,95.41379310344827,1.3466638,0.08736276,5.68820158283287,5.68820158283287,0.028845084348826537,0.17849001,0.09698939,5.3444915e-06,0.0339802,0.2680543,1.0
35740000,0.76840925,330.7142857142857,1.1864147,0.085255824,6.043220603009277,6.043220603009277,0.11225623977688057,0.0686991,0.09550388,5.3312447e-06,0.03225739,0.27974755,1.0
35750000,0.7653591,131.8,1.0770144,0.083707325,5.948653750913218,5.948653750913218,0.04531913510872983,0.04117818,0.09851089,5.3179747e-06,0.031022126,0.28538626,1.0
35760000,0.7278473,83.41666666666667,1.3107799,0.08831628,7.377486006822437,7.377486006822437,0.01982553359994199,0.0843585,0.10008288,5.3061967e-06,0.027845971,0.24745466,1.0
35770000,0.7097534,116.3,1.2722192,0.07854217,7.358775485609658,7.358775485609658,0.0331979920854792,0.055877823,0.096166015,5.2945607e-06,0.033541624,0.26834336,1.0
35780000,0.698026,100.9,1.2448628,0.079638034,7.565114929480478,7.565114929480478,0.026494212658144535,0.06456335,0.09891684,5.281646e-06,0.029315338,0.23841056,1.0
35790000,0.6913675,97.0,1.1118002,0.087470464,5.7906078311190505,5.7906078311190505,0.019800487053792247,0.010371513,0.09470703,5.26864e-06,0.029911077,0.24201341,1.0
35800000,0.68062514,102.0,1.0972008,0.08593864,6.8678222827535995,6.8678222827535995,0.0265304628379741,0.040304653,0.097893775,5.2557534e-06,0.029951733,0.25207058,1.0
35810000,0.70472866,95.18181818181819,1.0613312,0.10262564,5.786174034210972,5.786174034210972,0.15600604241163554,0.019723836,0.09059213,5.244035e-06,0.05237825,0.2746289,1.0
35820000,0.70957106,64.17647058823529,1.0664077,0.10186898,7.479168558493257,7.479168558493257,0.1553950380475726,0.04002407,0.09254213,5.2322816e-06,0.05525195,0.26032284,1.0
35830000,0.692183,73.38888888888889,1.249372,0.092509575,8.270366679680976,8.270366679680976,0.029627712247403043,0.05867078,0.09422294,5.2194737e-06,0.03298792,0.23781256,1.0
35840000,0.7046504,110.1,1.0412937,0.08435569,5.978343121870421,5.978343121870421,0.025855742499697954,0.0021292116,0.09074829,5.206238e-06,0.027892614,0.25115228,1.0
35850000,0.716719,71.25,1.1051998,0.080909185,7.341420553232494,7.341420553232494,0.01764052607560236,0.059414018,0.09451848,5.1931734e-06,0.028362129,0.24752358,1.0
35860000,0.7329891,80.57142857142857,1.1658984,0.105804674,6.226117689363574,6.226117689363574,0.28207528685346583,0.048294634,0.09778593,5.181514e-06,0.07759487,0.2534192,1.0
35870000,0.7259556,197.95238095238096,1.3259008,0.09190809,7.653859933504661,7.653859933504661,0.08689464217362304,0.21991763,0.09344668,5.1698066e-06,0.03161739,0.27869374,1.0
35880000,0.73952514,68.42105263157895,1.0761921,0.08749436,6.815937820233796,6.815937820233796,0.015230394789556923,0.09372093,0.09368742,5.1566567e-06,0.027617127,0.2929027,1.0
35890000,0.7296916,76.7,1.2182101,0.09045392,7.287165459990502,7.287165459990502,0.02254960333375493,0.14178154,0.09400441,5.1435372e-06,0.029987708,0.2671508,1.0
35900000,0.74855095,75.5,1.1871089,0.085149415,6.917351545258001,6.917351545258001,0.021415862598752774,0.10481135,0.09102781,5.1304733e-06,0.028222173,0.28308564,1.0
35910000,0.74046034,68.30434782608695,1.2056906,0.083376996,6.22028338002122,6.22028338002122,0.01489975218883837,0.03651821,0.091692105,5.11877e-06,0.029272322,0.30476514,1.0
35920000,0.73294157,60.05263157894737,1.1697894,0.084625155,7.104025351373773,7.104025351373773,0.011609159403872726,0.052995495,0.09686284,5.106989e-06,0.0268336,0.27891934,1.0
35930000,0.70889443,83.47368421052632,1.0651505,0.08343968,6.469854339172966,6.469854339172966,0.016499245851790828,0.0020200033,0.09847797,5.093903e-06,0.027900055,0.27702376,1.0
35940000,0.6976549,70.17647058823529,1.0909921,0.08344025,8.005037926575717,8.005037926575717,0.017222887452910927,0.032105062,0.087101795,5.080925e-06,0.028246587,0.26942587,1.0
35950000,0.6993356,287.75,1.1108283,0.08825135,7.10733063861444,7.10733063861444,0.07466560630127787,0.03021622,0.09658701,5.0679023e-06,0.030229086,0.27699742,1.0
35960000,0.72268033,83.0,1.0200156,0.0901793,7.219240778947578,7.219240778947578,0.014949537786271642,0.0017360833,0.09745715,5.0562426e-06,0.02673503,0.29009965,1.0
35970000,0.7280526,77.63157894736842,1.1614269,0.09641703,7.554295094389665,7.554295094389665,0.015874877333101865,0.03562612,0.089988224,5.0444874e-06,0.027438855,0.29231477,1.0
35980000,0.7396095,86.5,1.1847427,0.088355474,8.288067753639275,8.288067753639275,0.0160372057192338,0.057530545,0.10038309,5.0314534e-06,0.028527832,0.29252756,1.0
35990000,0.72243476,141.95,1.2557693,0.08833831,8.193812239277573,8.193812239277573,0.06588918106863276,0.09899134,0.096048936,5.0183676e-06,0.030711884,0.26438338,1.0
36000000,0.7081613,89.21052631578948,1.1680188,0.091374,6.681377452357035,6.681377452357035,0.016806596179345722,0.021315765,0.090486124,5.0053604e-06,0.027889132,0.26476106,1.0
36010000,0.69865614,70.0,1.1415166,0.08561587,8.006608352941626,8.006608352941626,0.014923045302138609,0.035735954,0.09861265,4.993636e-06,0.03006868,0.2593044,1.0
36020000,0.70198023,69.82352941176471,1.1269927,0.08846536,7.965911716222763,7.965911716222763,0.011502530165564488,0.02747498,0.09007987,4.9818796e-06,0.025667787,0.26754832,1.0
36030000,0.7148608,79.61111111111111,1.1032326,0.08613203,7.437761441749685,7.437761441749685,0.027955834281302112,0.0946936,0.09249567,4.968914e-06,0.02586164,0.252844,1.0
36040000,0.7403753,121.35,1.2468078,0.0902705,7.894386193714399,7.894386193714399,0.025749789398832944,0.055054784,0.09753145,4.9559503e-06,0.028339257,0.28675908,1.0
36050000,0.7308448,88.5,1.2545236,0.089207806,7.7896148511221455,7.7896148511221455,0.02357562282735384,0.10196308,0.094882175,4.942964e-06,0.027827317,0.27412415,1.0
36060000,0.7217726,64.6470588235294,1.2809678,0.08666126,8.742798098746468,8.742798098746468,0.032655419083312154,0.060584065,0.093361676,4.931237e-06,0.035367668,0.29372415,1.0
36070000,0.71198773,71.84210526315789,1.314527,0.087164335,8.286438818040647,8.286438818040647,0.024222383349153557,0.06226567,0.095729984,4.9194614e-06,0.030226743,0.2579495,1.0
36080000,0.7256312,98.55555555555556,1.266049,0.08510706,8.123813991209566,8.123813991209566,0.034765043606360756,0.07391806,0.09924118,4.906473e-06,0.029172305,0.2797826,1.0
36090000,0.71969545,73.33333333333333,1.2487803,0.086797506,8.222870748904016,8.222870748904016,0.015430403743974037,0.062970854,0.100316025,4.8936004e-06,0.030545736,0.28539938,1.0
36100000,0.7204922,58.11764705882353,1.2686896,0.09245736,8.634312519255806,8.634312519255806,0.01557413735153044,0.032011084,0.092081994,4.8806132e-06,0.029446531,0.26243955,1.0
36110000,0.7113238,85.38888888888889,1.080478,0.09947936,6.709973648190498,6.709973648190498,0.057679474496075675,0.0036848837,0.08502651,4.8689376e-06,0.030635256,0.27841198,1.0
36120000,0.71183974,63.76470588235294,1.0814453,0.09249799,7.831121591960683,7.831121591960683,0.012143871404559296,0.0022538854,0.095117934,4.857199e-06,0.030643675,0.26177877,1.0
36130000,0.7308038,139.42105263157896,0.98747385,0.1092541,6.252280085747895,6.252280085747895,0.19497354301673017,0.005023339,0.09322713,4.8442816e-06,0.054678183,0.28279796,1.0
36140000,0.7345522,77.52941176470588,1.0092055,0.107105866,7.317208047517958,7.317208047517958,0.08221494932385053,0.025954429,0.092086054,4.8313814e-06,0.038258247,0.29578143,1.0
36150000,0.74279064,79.61111111111111,1.0942086,0.094200395,7.479332437117894,7.479332437117894,0.013884567280506922,0.031621527,0.093094796,4.818532e-06,0.028231341,0.2925933,1.0
36160000,0.75895935,17293.555555555555,1.1054631,0.1160091,6.595202880810425,6.595202880810425,6.157803610306776,0.0419284,0.09761782,4.8054726e-06,0.046083488,0.28201514,1.0
36170000,0.7599913,73.47826086956522,1.1664511,0.08987976,6.222199691378552,6.222199691378552,0.01769348155262971,0.037780486,0.08988638,4.793703e-06,0.028394729,0.2855726,1.0
36180000,0.75665325,63.23529411764706,1.2002809,0.089171335,8.785249750403796,8.785249750403796,0.01150111572625225,0.09609966,0.09359239,4.7818357e-06,0.028512567,0.29838204,1.0
36190000,0.77904457,153.47826086956522,1.2334862,0.09278239,6.963123669873786,6.963123669873786,0.0638504844037411,0.08054793,0.09493382,4.768789e-06,0.027784616,0.30051902,1.0
36200000,0.7763169,85.55555555555556,1.1294527,0.09111712,7.47039638294114,7.47039638294114,0.024003384518437088,0.04227688,0.09576213,4.755721e-06,0.027518636,0.2988152,1.0
36210000,0.7843064,76.29411764705883,1.0457674,0.09233692,7.19646305547041,7.19646305547041,0.01257883942247752,0.012798598,0.0915618,4.7440362e-06,0.030014893,0.29950172,1.0
36220000,0.78232193,71.83333333333333,1.2072707,0.09205792,8.760132558205548,8.760132558205548,0.016539166318526602,0.05611986,0.09203966,4.732329e-06,0.030038306,0.32292414,1.0
36230000,0.7839855,115.16666666666667,1.4264143,0.09293216,9.59947885624609,9.59947885624609,0.04993589718115369,0.121101126,0.098268524,4.7192107e-06,0.02965502,0.30076027,1.0
36240000,0.77361083,119.5,1.3667337,0.10781697,7.821907299384475,7.821907299384475,0.07920566756511108,0.06771105,0.09694494,4.7059684e-06,0.03233119,0.32317013,1.0
36250000,0.76147753,87.95,1.2662078,0.089713745,7.105873636854812,7.105873636854812,0.021634002367500217,0.057760827,0.09259035,4.69288e-06,0.028643679,0.29556984,1.0
36260000,0.77855825,76.75,1.2570872,0.09100185,7.278790830820799,7.278790830820799,0.019933085358934476,0.07219274,0.095140986,4.681035e-06,0.028887037,0.29721794,1.0
36270000,0.7624217,62.8,1.4144046,0.094767205,9.062199481204152,9.062199481204152,0.012976535852067173,0.08749864,0.09623576,4.6692708e-06,0.027570102,0.29370537,1.0
36280000,0.7707633,145.42105263157896,1.1934491,0.08867626,7.148689356298602,7.148689356298602,0.03826187977469281,0.028144574,0.09523689,4.656317e-06,0.026272792,0.3063108,1.0
36290000,0.745353,78.83333333333333,1.0685695,0.08880439,7.234994423520916,7.234994423520916,0.01207754626075792,0.0033342019,0.09202361,4.6433115e-06,0.02711429,0.28369382,1.0
36300000,0.7365347,63.05555555555556,1.2798623,0.090579204,8.321881355423676,8.321881355423676,0.01256770800529538,0.06678812,0.09694963,4.6315354e-06,0.02691357,0.2831564,1.0
36310000,0.7430429,539.8947368421053,1.2456948,0.08476021,8.250716861185673,8.250716861185673,0.17766778839157066,0.061994813,0.09460068,4.6196087e-06,0.028741416,0.28927833,1.0
36320000,0.7372543,80.23529411764706,1.1127442,0.08889865,6.7577045489516525,6.7577045489516525,0.01574517045972041,0.001514307,0.09791398,4.606711e-06,0.027575046,0.2660269,1.0
36330000,0.74001676,75.65,1.321411,0.09430438,8.487884129583836,8.487884129583836,0.013235651614377276,0.056538034,0.09872049,4.593769e-06,0.027306337,0.27921873,1.0
36340000,0.7450384,941.45,1.3451133,0.089656204,8.237120979838073,8.237120979838073,0.05089776262175292,0.11894437,0.09643801,4.580698e-06,0.029138148,0.26313394,1.0
36350000,0.7705202,107.73684210526316,1.1540315,0.08985936,6.824345106675633,6.824345106675633,0.040813741713607576,0.059170548,0.09486703,4.5688475e-06,0.03067283,0.26046273,1.0
36360000,0.7534803,66.95454545454545,1.3776162,0.10183304,7.872538471763784,7.872538471763784,0.015918963160154155,0.07621741,0.094174206,4.5571587e-06,0.03105696,0.2865703,1.0
36370000,0.7533592,82.44444444444444,1.0131832,0.09615482,6.070536489701933,6.070536489701933,0.019170142587326054,0.011939179,0.09493878,4.5442875e-06,0.035441227,0.2792262,1.0
36380000,0.76263475,128.3684210526316,1.1968846,0.09453871,8.041487773524128,8.041487773524128,0.03533176722397145,0.06113108,0.09244336,4.5314036e-06,0.02922242,0.27242848,1.0
36390000,0.7657764,82.17391304347827,1.4709622,0.10150869,8.053507644197214,8.053507644197214,0.026996955913289086,0.097360566,0.09643092,4.5184197e-06,0.030903688,0.2731652,1.0
36400000,0.773386,73.33333333333333,1.1468364,0.102579035,6.939186142550574,6.939186142550574,0.028056889694804948,0.020715026,0.096323326,4.5054317e-06,0.031599436,0.2746491,1.0
36410000,0.79173005,121.61904761904762,1.2705413,0.09855466,7.675363787582943,7.675363787582943,0.04750354198871979,0.07236152,0.09590767,4.493725e-06,0.027996942,0.27706414,1.0
36420000,0.79940134,101.77777777777777,1.2794765,0.09036563,8.800068211534786,8.800068211534786,0.02328790658308814,0.092723645,0.09651631,4.48199e-06,0.026867121,0.2933793,1.0
36430000,0.78756565,89.4,1.3029009,0.09266485,7.489530354555427,7.489530354555427,0.017356751702027395,0.059342254,0.09301736,4.4689964e-06,0.025538247,0.3027868,1.0
36440000,0.78677064,74.23809523809524,1.4098465,0.10066452,7.980086837496076,7.980086837496076,0.02169823288360411,0.061496425,0.09397342,4.4559993e-06,0.029507507,0.297564,1.0
36450000,0.7714501,56.25,1.3234493,0.093798585,9.571539716795087,9.571539716795087,0.013587138164439239,0.07966772,0.097284116,4.4431467e-06,0.02811703,0.28429428,1.0
36460000,0.76831776,166.8421052631579,1.2147543,0.09288232,7.254703922848229,7.254703922848229,0.0468567664624731,0.032825638,0.09907354,4.4315684e-06,0.02746846,0.28034818,1.0
36470000,0.7744142,74.23809523809524,1.2072183,0.092234,6.121005587279797,6.121005587279797,0.026035422265219193,0.05308662,0.0951404,4.4196663e-06,0.028020356,0.29231524,1.0
36480000,0.7877354,75.0,1.0895901,0.09582136,6.788431041770512,6.788431041770512,0.018628650357843272,0.105169855,0.09312843,4.406726e-06,0.02957267,0.28030714,1.0
36490000,0.8124445,152.55555555555554,1.1735264,0.09459508,8.305337889626568,8.305337889626568,0.03388529017360674,0.03151968,0.09063791,4.3937625e-06,0.0261868,0.2946808,1.0
36500000,0.8076463,106.75,1.3830856,0.095940165,8.393021515365048,8.393021515365048,0.022807878747005902,0.094991125,0.096124075,4.3806763e-06,0.026676154,0.29423037,1.0
36510000,0.7900993,80.85714285714286,1.2398317,0.090398654,6.9972429238481535,6.9972429238481535,0.01510545147054169,0.078008264,0.10144747,4.368916e-06,0.027682085,0.28632304,1.0
36520000,0.7848591,64.11764705882354,1.2542757,0.09351589,8.792298858656602,8.792298858656602,0.01158537108259385,0.0545016,0.09433308,4.3572218e-06,0.028541554,0.29312378,1.0
36530000,0.7646511,126.2,1.201389,0.096496955,7.157880474395663,7.157880474395663,0.02465195739059709,0.026450003,0.0955274,4.3441064e-06,0.02768546,0.27625346,1.0
36540000,0.73400366,63.375,1.163039,0.094419695,8.738678228110075,8.738678228110075,0.024602261000836734,0.03756035,0.08958705,4.3310406e-06,0.027461195,0.2565961,1.0
36550000,0.7552788,80.16666666666667,1.1495305,0.091269635,7.487824527753724,7.487824527753724,0.013084426399372105,0.02581132,0.097332254,4.317958e-06,0.02459031,0.24847083,1.0
36560000,0.73554975,56.93333333333333,1.1872239,0.087768644,9.610873512427013,9.610873512427013,0.009384691001226504,0.07778076,0.09991286,4.306279e-06,0.027192185,0.2532208,1.0
36570000,0.7333909,74.05,1.44366,0.09142541,9.293810164928436,9.293810164928436,0.015819129365263508,0.09509865,0.09234278,4.29458e-06,0.031094953,0.26192456,1.0
36580000,0.74687356,74.61111111111111,1.3092159,0.089340255,8.806416252080131,8.806416252080131,0.0112374079934157,0.082344934,0.10040094,4.2815386e-06,0.029264864,0.25261205,1.0
36590000,0.7429883,63.88235294117647,1.2699001,0.09183795,8.263639397091335,8.263639397091335,0.012832676875405014,0.059317805,0.094821535,4.2685433e-06,0.029504325,0.25752288,1.0
36600000,0.7222636,556.7894736842105,1.319013,0.09531954,8.41344514908771,8.41344514908771,0.26365205468487385,0.061489023,0.097485736,4.2556267e-06,0.03028504,0.24091323,1.0
36610000,0.6945056,78.94736842105263,1.2716684,0.08987084,7.742013976271999,7.742013976271999,0.01510556586282818,0.067901716,0.098480746,4.243984e-06,0.026614038,0.21438387,1.0
36620000,0.6965092,73.94444444444444,1.3126454,0.09057529,8.804597174420076,8.804597174420076,0.009882987997330287,0.060994744,0.095602565,4.2322945e-06,0.029354533,0.23794416,1.0
36630000,0.6839036,236.25,1.1732713,0.0941795,6.24762762563036,6.24762762563036,0.0642198655765415,0.0031119413,0.09536081,4.2193315e-06,0.028654331,0.24288449,1.0
36640000,0.67270565,77.42105263157895,1.0987853,0.08866214,7.559638432330555,7.559638432330555,0.009406327561009675,0.033397667,0.0946919,4.2065017e-06,0.027505536,0.22319035,1.0
36650000,0.663805,103.17647058823529,1.0195272,0.08855631,6.806831806173755,6.806831806173755,0.02576476267616575,0.005358399,0.09586215,4.193494e-06,0.025042612,0.22405925,1.0
36660000,0.6805063,99.05263157894737,1.2738649,0.090665214,8.938894927109542,8.938894927109542,0.024513248617662804,0.084292695,0.098305605,4.180492e-06,0.03153206,0.24279122,1.0
36670000,0.6829496,62.44444444444444,1.3114884,0.094629064,8.807125904493862,8.807125904493862,0.01625909657579743,0.06937139,0.10071592,4.168638e-06,0.026601495,0.20775045,1.0
36680000,0.68638927,79.5,1.1467154,0.087652214,7.541261394818624,7.541261394818624,0.0168242983895147,0.028408248,0.097469136,4.1569024e-06,0.027891492,0.21776673,1.0
36690000,0.67658067,115.0,1.126376,0.08903981,7.501147691173376,7.501147691173376,0.028411817892144125,0.032519013,0.09903305,4.143838e-06,0.028719228,0.213617,1.0
36700000,0.68086565,77.36842105263158,1.1713725,0.09423858,7.612006737997658,7.612006737997658,0.01423419238754401,0.029211044,0.099908166,4.130746e-06,0.025199156,0.23396003,1.0
36710000,0.671356,69.94117647058823,1.1049739,0.08665309,8.041214527452693,8.041214527452693,0.01338150109821821,0.0006436915,0.101610236,4.119007e-06,0.025723165,0.2337693,1.0
36720000,0.6996854,76.05882352941177,1.0482876,0.087658934,7.249676632530549,7.249676632530549,0.010403737699722542,0.029246654,0.09711898,4.107298e-06,0.025295332,0.22420879,1.0
36730000,0.70711195,110.27272727272727,1.0485854,0.08867406,6.120224613279251,6.120224613279251,0.019403578448955985,0.009858111,0.09279233,4.094185e-06,0.024361119,0.24202728,1.0
36740000,0.7273224,73.21052631578948,1.2008088,0.08387522,7.835752991469283,7.835752991469283,0.015239293766698163,0.06312062,0.092869416,4.0810946e-06,0.025427997,0.2448904,1.0
36750000,0.7265045,60.76470588235294,1.3670894,0.08721196,9.689385587678236,9.689385587678236,0.013789345996509142,0.11384238,0.097843125,4.0679906e-06,0.027951967,0.24385777,1.0
36760000,0.7159115,105.72727272727273,1.3628414,0.08958576,7.4737963887270205,7.4737963887270205,0.02103544215523553,0.043392546,0.09385771,4.0562295e-06,0.024983332,0.24042445,1.0
36770000,0.7066502,64.29411764705883,1.1800945,0.087351024,8.030254726024236,8.030254726024236,0.016528377857278374,0.0593405,0.091476604,4.0444056e-06,0.026637712,0.23160371,1.0
36780000,0.6970355,79.66666666666667,1.1669918,0.09776664,7.495713829994202,7.495713829994202,0.03969356421536455,0.031030495,0.094338104,4.0310906e-06,0.027482081,0.23705287,1.0
36790000,0.6510614,91.21052631578948,1.2101284,0.092593454,7.5370182977180535,7.5370182977180535,0.041448906247847174,0.18853393,0.09878328,4.0178666e-06,0.025556168,0.22589222,1.0
36800000,0.64572585,79.22222222222223,1.124763,0.087140575,7.526278785533375,7.526278785533375,0.011795304773841053,0.040452387,0.09924649,4.0062023e-06,0.022978475,0.20349218,1.0
36810000,0.6437369,65.125,1.0645521,0.087882385,7.783527102321386,7.783527102321386,0.008772176959610078,0.00083998416,0.09575486,3.9944316e-06,0.025677677,0.20787585,1.0
36820000,0.6504832,82.15789473684211,1.1593866,0.08846328,8.030686074181608,8.030686074181608,0.019751680187733944,0.03513938,0.09634213,3.9814663e-06,0.024047058,0.1967484,1.0
36830000,0.6817145,65.1875,1.0435494,0.08584544,7.76417350769043,7.76417350769043,0.01063440441066632,0.028878957,0.09970247,3.968499e-06,0.025799071,0.21930417,1.0
36840000,0.68374217,65.05555555555556,1.2694241,0.08939901,8.996967064009773,8.996967064009773,0.012686991087523185,0.042884193,0.088751115,3.9555043e-06,0.023312077,0.23276436,1.0
36850000,0.6883915,69.88235294117646,1.1243739,0.08538645,7.968862756210215,7.968862756210215,0.012059434981304495,0.03469416,0.099320315,3.9438355e-06,0.025271,0.24424203,1.0
36860000,0.70139366,74.61111111111111,1.277633,0.08357442,8.26482372896539,8.26482372896539,0.012245307585948871,0.055989694,0.092361026,3.932215e-06,0.024197334,0.22869703,1.0
36870000,0.7162821,4955.454545454545,1.3058226,0.08831285,7.384655073262629,7.384655073262629,1.7965090472463834,0.058259547,0.095457934,3.9193537e-06,0.024282476,0.23765783,1.0
36880000,0.7327865,75.23529411764706,1.2880597,0.08411621,8.62632830484825,8.62632830484825,0.013639504795291406,0.088072196,0.09743295,3.906537e-06,0.02567025,0.24863572,1.0
36890000,0.71586114,72.36842105263158,1.377134,0.087893374,8.274245546052331,8.274245546052331,0.012970158664852773,0.05822028,0.09364826,3.8937187e-06,0.024925064,0.2683245,1.0
36900000,0.7136515,64.41176470588235,1.2920386,0.086872265,8.790236508145052,8.790236508145052,0.009937217404298922,0.052426983,0.097329006,3.8806247e-06,0.02568923,0.2357008,1.0
36910000,0.70023537,74.11111111111111,1.3051012,0.08666346,8.25159443087048,8.25159443087048,0.03041325119556859,0.07079012,0.09773058,3.8687936e-06,0.027538035,0.2437098,1.0
36920000,0.68256444,69.0,1.313618,0.09436405,8.03540428645081,8.03540428645081,0.033682886304126844,0.04682321,0.10114469,3.857048e-06,0.026798865,0.22631088,1.0
36930000,0.6896175,75.94117647058823,1.0548031,0.08558207,7.24862940697109,7.24862940697109,0.011094069039887366,0.040899325,0.10200776,3.844005e-06,0.025650453,0.23348682,1.0
36940000,0.7047958,63.55555555555556,1.2679428,0.09059264,8.779597719510397,8.779597719510397,0.010589867131784558,0.057476997,0.09835288,3.8311564e-06,0.024667677,0.24694332,1.0
36950000,0.72523683,75.05555555555556,1.2615565,0.086430885,8.21989019215107,8.21989019215107,0.01197745820455667,0.05492399,0.0993093,3.8183352e-06,0.025374,0.25340408,1.0
36960000,0.71242195,64.17647058823529,1.2428887,0.08656519,8.711851179599762,8.711851179599762,0.017777936649508774,0.0603595,0.097538054,3.805339e-06,0.027030066,0.257837,1.0
36970000,0.707679,72.78947368421052,1.3410854,0.090824224,8.338966688043193,8.338966688043193,0.013227513078355083,0.06751613,0.09637826,3.7935656e-06,0.023955848,0.2316384,1.0
36980000,0.7069803,63.94117647058823,1.2401028,0.081754334,8.787440117448568,8.787440117448568,0.009882809114060365,0.056380443,0.09286825,3.781927e-06,0.025538828,0.23627627,1.0
36990000,0.6951,72.05263157894737,1.3897215,0.0919547,8.33692728728056,8.33692728728056,0.012131081556435674,0.061594944,0.09496001,3.7688528e-06,0.02392999,0.24113765,1.0
37000000,0.68872786,67.06666666666666,1.0797635,0.10787647,7.146619468927383,7.146619468927383,0.7457644158042968,0.020379873,0.09699624,3.7557843e-06,0.089769766,0.24716277,1.0
37010000,0.68730295,68.11111111111111,1.2824138,0.0929686,8.972423965732256,8.972423965732256,0.017221158046999738,0.07192357,0.09761435,3.744074e-06,0.025450522,0.2214049,1.0
37020000,0.68916243,74.11111111111111,1.1728957,0.1122653,7.077641790111859,7.077641790111859,0.1546872266400088,0.039372526,0.09705208,3.7323287e-06,0.040676855,0.22149304,1.0
37030000,0.6791552,63.0,1.197633,0.09064503,8.774648222853155,8.774648222853155,0.01725112142123501,0.058086015,0.09746905,3.7192963e-06,0.026695168,0.22471628,1.0
37040000,0.68186295,72.0,1.3049451,0.09669154,8.279374453582262,8.279374453582262,0.013414888471168908,0.061685212,0.09881805,3.7061995e-06,0.025102109,0.21745574,1.0
37050000,0.6790739,61.333333333333336,1.325036,0.09115511,8.783221051096916,8.783221051096916,0.00817180913226265,0.05766623,0.09791605,3.6930785e-06,0.024415158,0.2225341,1.0
37060000,0.65511227,69.84210526315789,1.4021965,0.09195525,9.19318236079481,9.19318236079481,0.015456977377956113,0.09239283,0.10579495,3.6812257e-06,0.026667051,0.21089274,1.0
37070000,0.6655167,82.82352941176471,1.2075197,0.09170959,7.5508889175123635,7.5508889175123635,0.012835187889221642,0.02651259,0.10638142,3.6696104e-06,0.022613775,0.21924396,1.0
37080000,0.6520891,58.25,1.1761189,0.08874816,8.623346079140902,8.623346079140902,0.009279748308472335,0.05088538,0.098574534,3.6566369e-06,0.026266336,0.20624962,1.0
37090000,0.66938925,1041.8636363636363,1.2565181,0.09462492,6.867262321468238,6.867262321468238,0.2607537778200243,0.064764544,0.09960792,3.643329e-06,0.026546633,0.21774276,1.0
37100000,0.69759303,67.06666666666666,1.00282,0.087535255,7.682559468348821,7.682559468348821,0.008794634300284088,0.03716021,0.09695223,3.6302627e-06,0.026609188,0.23334126,1.0
37110000,0.685518,86.45,1.0983697,0.088776655,7.137054255045951,7.137054255045951,0.020129748835461213,0.08151009,0.09821203,3.6185734e-06,0.025303347,0.22859344,1.0
37120000,0.6984375,98.55555555555556,1.1108396,0.09085675,7.521941824281118,7.521941824281118,0.030517957464326173,0.028755948,0.09232065,3.6066067e-06,0.026010647,0.23029652,1.0
37130000,0.70352906,68.68181818181819,1.1817327,0.09835746,6.933498382568359,6.933498382568359,0.020309878101546597,0.061685584,0.09699681,3.593464e-06,0.02823999,0.23848835,1.0
37140000,0.70083904,84.36842105263158,1.20305,0.09831193,7.540775576704426,7.540775576704426,0.02573063329940564,0.07467364,0.09273583,3.580346e-06,0.025728475,0.25366434,1.0
37150000,0.68759114,62.333333333333336,1.2084645,0.10058229,7.901950834525956,7.901950834525956,0.00688972032447863,0.028522719,0.098275796,3.568757e-06,0.024298934,0.24139538,1.0
37160000,0.7083908,115.66666666666667,0.9370296,0.08618508,5.257199899692621,5.257199899692621,0.03406519083017927,0.034032073,0.09736414,3.5571543e-06,0.025861751,0.2428778,1.0
37170000,0.7182232,61.38095238095238,1.2878511,0.09830898,7.973887220734642,7.973887220734642,0.012224975596403792,0.029406006,0.096261516,3.544334e-06,0.025180778,0.25492838,1.0
37180000,0.7197689,71.6875,1.082946,0.08873967,8.00160606764257,8.00160606764257,0.010090725583722815,0.0540632,0.097555995,3.5311502e-06,0.024061067,0.26728588,1.0
37190000,0.7146292,104.73684210526316,1.161833,0.08887426,7.862529414362814,7.862529414362814,0.025895050607352078,0.061500836,0.10216159,3.518105e-06,0.022904847,0.24920616,1.0
37200000,0.703262,88.42857142857143,1.2351253,0.0886134,6.823034073980081,6.823034073980081,0.02186301246374136,0.08536396,0.10068383,3.5063401e-06,0.026454331,0.23818097,1.0
37210000,0.7067064,68.3157894736842,1.2353663,0.08979548,8.12507287826803,8.12507287826803,0.011664786194968555,0.061446983,0.09724966,3.49444e-06,0.024074666,0.25358734,1.0
37220000,0.6915436,79.77777777777777,1.2214262,0.096458025,7.628144126189382,7.628144126189382,0.00956158021673266,0.029656837,0.09131592,3.4814516e-06,0.026875546,0.2412909,1.0
37230000,0.6728633,63.470588235294116,1.2078291,0.09141601,8.768663451952094,8.768663451952094,0.01291504713213619,0.058080614,0.099191785,3.4686277e-06,0.024817925,0.21726444,1.0
37240000,0.66237944,74.55555555555556,1.2895042,0.092801444,8.275494018362629,8.275494018362629,0.010607933496228523,0.056039672,0.09972276,3.4554637e-06,0.023413392,0.23373565,1.0
37250000,0.6600821,62.333333333333336,1.2284195,0.09958387,7.945688843727112,7.945688843727112,0.007428164341642211,0.0012631417,0.0977836,3.4437207e-06,0.024318554,0.22894816,1.0
37260000,0.64951396,82.29411764705883,1.0964783,0.088234186,8.133243932443506,8.133243932443506,0.01810875422704746,0.02687494,0.095810734,3.4319896e-06,0.023048593,0.21982989,1.0
37270000,0.66209316,185.5,1.1334648,0.1135488,7.33657636489328,7.33657636489328,0.14380308613181114,0.03245959,0.09509416,3.418959e-06,0.032991104,0.23023176,1.0
37280000,0.66391176,75.88235294117646,1.0325707,0.096033186,7.247818766271367,7.247818766271367,0.011530810254899895,0.0006780821,0.09734352,3.405983e-06,0.024683837,0.22427258,1.0
37290000,0.66495156,92.1,1.1970508,0.09240648,7.377399798527312,7.377399798527312,0.02561682998202741,0.06600619,0.09322302,3.3930169e-06,0.02508023,0.20599696,1.0
37300000,0.6631897,74.44444444444444,1.2345558,0.09234574,8.285619094967842,8.285619094967842,0.016415435976038378,0.06761129,0.098458,3.381198e-06,0.02393003,0.23441696,1.0
37310000,0.65146995,99.3,1.3653334,0.09912886,7.7972891756709135,7.7972891756709135,0.02069935671752319,0.059796672,0.09307976,3.3695237e-06,0.0251849,0.21397242,1.0
37320000,0.66384786,76.6842105263158,1.2761178,0.09351632,8.485082141662899,8.485082141662899,0.012180640558271031,0.08534466,0.09923855,3.3566332e-06,0.024949018,0.2237458,1.0
37330000,0.6555424,57.166666666666664,1.3479149,0.1026256,8.67130655133062,8.67130655133062,0.007140897573359932,0.031186098,0.10194645,3.3438107e-06,0.021948945,0.20940003,1.0
37340000,0.6459457,82.11764705882354,1.096975,0.088038415,7.427138062084422,7.427138062084422,0.0158380087437656,0.027238328,0.09717701,3.3308497e-06,0.02489292,0.20109996,1.0
37350000,0.61524665,61.611111111111114,1.2996308,0.094193585,8.754919648170471,8.754919648170471,0.009206772005806366,0.05753558,0.09848539,3.3178028e-06,0.022663647,0.20508924,1.0
37360000,0.60989964,62.8235294117647,1.2447197,0.092412956,8.800086508778964,8.800086508778964,0.010312048868988366,0.071666375,0.10385034,3.3061424e-06,0.02305881,0.18855251,1.0
37370000,0.6230209,80.44444444444444,1.1669484,0.09719414,7.538185710708301,7.538185710708301,0.011589848381441293,0.031052798,0.10039638,3.2945288e-06,0.032127798,0.18992928,1.0
37380000,0.6235436,63.470588235294116,1.2411543,0.09311945,8.80431212046567,8.80431212046567,0.009355793494785972,0.05832094,0.09701357,3.281517e-06,0.023647282,0.20113683,1.0
37390000,0.6385522,74.22222222222223,1.167071,0.09789155,7.394252076745033,7.394252076745033,0.009226392398381399,0.0021148666,0.09632937,3.2684534e-06,0.023778308,0.19907045,1.0
37400000,0.6421504,63.588235294117645,1.2500885,0.09169372,8.827941421200247,8.827941421200247,0.012377373093520017,0.09172132,0.09970121,3.255532e-06,0.024425428,0.20750967,1.0
37410000,0.6474877,73.95,1.4370005,0.09701996,9.284109373390674,9.284109373390674,0.024814214342040942,0.073530346,0.101223916,3.243907e-06,0.022894837,0.20329869,1.0
37420000,0.65950865,71.94736842105263,1.3438276,0.09907599,8.80653114285734,8.80653114285734,0.03127812837354011,0.05598672,0.100641765,3.2322757e-06,0.02945919,0.20592861,1.0
37430000,0.6688973,63.588235294117645,1.3164588,0.09137943,8.25330400135782,8.25330400135782,0.013470821871629192,0.08422593,0.098798744,3.219246e-06,0.024350405,0.2192558,1.0
37440000,0.6766658,64.52941176470588,1.2531369,0.08738827,8.775855421088636,8.775855421088636,0.01207552595587913,0.052637957,0.1003779,3.2061685e-06,0.026268667,0.2278777,1.0
37450000,0.6753862,77.23529411764706,1.3025048,0.09177039,8.23285573720932,8.23285573720932,0.01526679350192555,0.055906065,0.09575911,3.1931966e-06,0.029144421,0.23622565,1.0
37460000,0.6582409,62.10526315789474,1.4166298,0.10097715,8.820756642442001,8.820756642442001,0.019965897547081113,0.056910478,0.09697114,3.1803181e-06,0.029337615,0.22267106,1.0
37470000,0.67299825,72.82352941176471,1.3317333,0.09172261,9.135645808542476,9.135645808542476,0.013363659395562374,0.083517596,0.101441436,3.1688003e-06,0.022886623,0.22584218,1.0
37480000,0.6755244,68.05882352941177,1.3466338,0.09608783,9.005095238194746,9.005095238194746,0.010792200768585591,0.054576587,0.09783953,3.1571076e-06,0.025221607,0.22073098,1.0
37490000,0.6765427,67.0,1.3160052,0.104167484,8.140670633629748,8.140670633629748,0.02121571535979839,0.027516654,0.09972938,3.144282e-06,0.0242613,0.22295623,1.0
37500000,0.6819198,74.0,1.3182075,0.08836217,9.203863910015892,9.203863910015892,0.01412644624189638,0.077875316,0.098785035,3.1313696e-06,0.021935813,0.22321701,1.0
37510000,0.67378986,63.94117647058823,1.2260921,0.09512918,7.865943741272478,7.865943741272478,0.027454211835420746,0.07353918,0.09369792,3.1183401e-06,0.02587631,0.22619954,1.0
37520000,0.6700546,72.84210526315789,1.3067564,0.09217382,8.305101175841532,8.305101175841532,0.014060316019152341,0.029761925,0.096617535,3.1053873e-06,0.023175573,0.21987697,1.0
37530000,0.68092656,72.375,1.1053067,0.10180987,7.741257461719215,7.741257461719215,0.11899357743095607,0.012858044,0.09081438,3.0938395e-06,0.040152915,0.2207199,1.0
37540000,0.6768143,73.21052631578948,1.3265163,0.09729006,8.304452107925163,8.304452107925163,0.011414043960700693,0.08442507,0.095153846,3.082209e-06,0.02333951,0.22510764,1.0
37550000,0.6898282,59.8125,1.2396125,0.08827793,8.616342412307858,8.616342412307858,0.008679309226863552,0.04879311,0.093907945,3.0691663e-06,0.02171981,0.21759167,1.0
37560000,0.6947931,69.4,1.4686787,0.09450138,9.162760116159916,9.162760116159916,0.020504689338849857,0.0856261,0.09945439,3.0562028e-06,0.022969857,0.24711053,1.0
37570000,0.7021441,64.76470588235294,1.2986599,0.088505134,8.768468853305368,8.768468853305368,0.010308275738840593,0.029190142,0.09917709,3.043298e-06,0.024965247,0.23938052,1.0
37580000,0.7030406,80.0,1.1681741,0.090170644,7.536407611436314,7.536407611436314,0.013195023503309736,0.028299835,0.09308344,3.0305432e-06,0.023182012,0.2344224,1.0
37590000,0.70137453,60.77777777777778,1.4030573,0.096658535,9.706052164236704,9.706052164236704,0.014086447326311221,0.11303862,0.10487523,3.018814e-06,0.023616027,0.24554782,1.0
37600000,0.69797087,75.88235294117646,1.1612724,0.09106291,7.241342440247536,7.241342440247536,0.017953627605867738,0.05159073,0.10045592,3.0070214e-06,0.023756862,0.23550212,1.0
37610000,0.7048882,64.05882352941177,1.2590907,0.09159545,8.79068694745793,8.79068694745793,0.009572641965111388,0.053023748,0.10004358,2.9938233e-06,0.024258142,0.2580887,1.0
37620000,0.7220219,74.05555555555556,1.1370136,0.09594059,7.324238255620003,7.324238255620003,0.009608048253640946,0.0039663906,0.09028677,2.980629e-06,0.022133544,0.251854,1.0
37630000,0.7084013,72.5,1.0751058,0.08748796,7.977273631840944,7.977273631840944,0.01195380452554673,0.058197185,0.0965917,2.9689238e-06,0.022735827,0.24138044,1.0
37640000,0.69226617,73.73684210526316,1.3777857,0.09662979,8.277601033449173,8.277601033449173,0.022584433489675194,0.12006579,0.10098889,2.9571218e-06,0.025220942,0.23426652,1.0
37650000,0.69737995,63.388888888888886,1.3081268,0.1008022,8.821387658516565,8.821387658516565,0.009742744881401045,0.05534641,0.09534504,2.9440823e-06,0.022907788,0.23435274,1.0
37660000,0.6903045,73.16666666666667,1.3380334,0.093597,9.13268962999185,9.13268962999185,0.015125978977367695,0.08718058,0.094794065,2.9309972e-06,0.024801107,0.2346476,1.0
37670000,0.7175741,65.125,1.1337041,0.09617603,7.754703672602773,7.754703672602773,0.0062517967890016735,0.0014973462,0.0928015,2.9181183e-06,0.021610089,0.2209249,1.0
37680000,0.71117264,76.10526315789474,1.2882808,0.100629605,8.433274107544046,8.433274107544046,0.012953443569131196,0.082264856,0.101584256,2.9064563e-06,0.02313163,0.23926847,1.0
37690000,0.7083811,841.2777777777778,1.0694088,0.09486768,7.2830185930916365,7.2830185930916365,0.3240358879830798,0.02216367,0.08335564,2.8947884e-06,0.025764907,0.23731823,1.0
37700000,0.6872188,62.588235294117645,1.2548068,0.0946795,9.178645218119902,9.178645218119902,0.020236931207096753,0.09640434,0.09934858,2.8816708e-06,0.028207392,0.23043445,1.0
37710000,0.6954094,100.47368421052632,1.2667977,0.10410598,7.482968451362103,7.482968451362103,0.04113529608002864,0.13643372,0.10052748,2.8685847e-06,0.025220597,0.24021825,1.0
37720000,0.7035515,72.38888888888889,1.3126067,0.096710734,9.189733475446701,9.189733475446701,0.01425699287533967,0.11855658,0.091909334,2.8557695e-06,0.025243586,0.23361357,1.0
37730000,0.7047902,65.88235294117646,1.4018624,0.09684188,9.967674595468184,9.967674595468184,0.010585933951113154,0.12411304,0.089995354,2.8440404e-06,0.023494663,0.22516128,1.0
37740000,0.67603934,76.9,1.5287431,0.10138548,9.429225939512254,9.429225939512254,0.016876019630581142,0.10246702,0.097446576,2.8322934e-06,0.025604779,0.23447213,1.0
37750000,0.68739575,71.88888888888889,1.4555966,0.09375439,9.188880143894089,9.188880143894089,0.01033733999874029,0.1110685,0.09594786,2.8194056e-06,0.02427025,0.20883074,1.0
37760000,0.69993055,59.3125,1.2643088,0.09304974,8.552226046100259,8.552226046100259,0.006797247740905732,0.02810572,0.09793399,2.8064428e-06,0.021677483,0.228681,1.0
37770000,0.7132634,70.15789473684211,1.361302,0.10394164,8.296705667909823,8.296705667909823,0.009958628620217113,0.056907378,0.09827955,2.793445e-06,0.0230343,0.24919172,1.0
37780000,0.6990498,78.17647058823529,1.2276641,0.08977723,8.947513073682785,8.947513073682785,0.010038158798124641,0.063555285,0.09661231,2.7805884e-06,0.023606155,0.21855967,1.0
37790000,0.6915766,64.70588235294117,1.3729495,0.093104415,9.140349575214916,9.140349575214916,0.013706006549505724,0.11072774,0.09137054,2.7687981e-06,0.024805525,0.23782425,1.0
37800000,0.6772738,63.77777777777778,1.369923,0.09419923,8.778815751274427,8.778815751274427,0.01089422715206941,0.05778578,0.09809919,2.7571582e-06,0.02293203,0.23867902,1.0
37810000,0.6658001,73.83333333333333,1.2802935,0.090650834,8.263423240847057,8.263423240847057,0.010420410066015191,0.05746265,0.10332614,2.7439783e-06,0.022541286,0.20707175,1.0
37820000,0.66554755,69.82352941176471,1.1943104,0.08924796,8.049169168752783,8.049169168752783,0.012650295797571102,0.031819493,0.09666406,2.7311046e-06,0.022893298,0.21498053,1.0
37830000,0.6497174,72.63157894736842,1.3291216,0.0972126,8.28605191488015,8.28605191488015,0.011183442174162912,0.056213737,0.09693499,2.7180463e-06,0.02243365,0.21546575,1.0
37840000,0.6568177,65.0,1.1769551,0.091564685,7.784520896151662,7.784520896151662,0.024650621897308156,0.098153874,0.100418255,2.7063152e-06,0.024182202,0.2075094,1.0
37850000,0.66644937,77.89473684210526,1.2616769,0.09805587,7.583778800148713,7.583778800148713,0.022870067163909737,0.094470754,0.09419577,2.6945486e-06,0.024388691,0.20944118,1.0
37860000,0.6637503,64.29411764705883,1.2464252,0.092574626,8.819946392494089,8.819946392494089,0.009898259865996592,0.0789292,0.09326083,2.6814068e-06,0.023438971,0.20482449,1.0
37870000,0.6732153,75.88235294117646,1.0768028,0.09423178,7.225119811647079,7.225119811647079,0.010269940262386465,0.0020507693,0.098361894,2.668359e-06,0.023126012,0.2171665,1.0
37880000,0.66771185,57.705882352941174,1.1885862,0.098465174,8.637937870095758,8.637937870095758,0.006791120867573601,0.03085512,0.093152404,2.655319e-06,0.025049457,0.20982292,1.0
37890000,0.67141145,79.66666666666667,1.1417356,0.09245296,7.529936831858423,7.529936831858423,0.008995491416297026,0.038182344,0.09046312,2.6437947e-06,0.022299282,0.22605257,1.0
37900000,0.6745111,70.41176470588235,1.1563363,0.09235017,8.02036152692402,8.02036152692402,0.013234294314101776,0.02741919,0.09311304,2.6322105e-06,0.025443267,0.22434974,1.0
37910000,0.67752564,73.36842105263158,1.2659383,0.10177081,8.26303239872581,8.26303239872581,0.011230077582264417,0.057386506,0.08913751,2.619168e-06,0.02438939,0.22628722,1.0
37920000,0.6706174,63.05882352941177,1.207087,0.093899526,8.793291467077593,8.793291467077593,0.013381458688801265,0.059968032,0.094327934,2.6062162e-06,0.025642157,0.22153191,1.0
37930000,0.66120154,74.27777777777777,1.2753295,0.093287304,8.266478622953096,8.266478622953096,0.010900879789712943,0.057854287,0.09842564,2.5932159e-06,0.022997588,0.21128985,1.0
37940000,0.67050636,64.76470588235294,1.2936165,0.09311661,8.781689880525365,8.781689880525365,0.010543513077530353,0.034361497,0.100534745,2.5814952e-06,0.024375789,0.22331461,1.0
37950000,0.66284394,69.52631578947368,1.4337567,0.09655391,9.173405752370233,9.173405752370233,0.012457651508923032,0.10450003,0.10033615,2.5697143e-06,0.0239191,0.22213455,1.0
37960000,0.65603834,65.125,1.1356024,0.08829249,7.8048679176718,7.8048679176718,0.0060198293467692565,0.00199852,0.096855305,2.5563252e-06,0.021699892,0.21734674,1.0
37970000,0.6433633,74.88888888888889,1.2680006,0.09123944,8.239762544631958,8.239762544631958,0.010889381144402755,0.05790341,0.09512304,2.543337e-06,0.024812112,0.19977507,1.0
37980000,0.64315677,62.94444444444444,1.3272421,0.09767796,8.825362607836723,8.825362607836723,0.010962855795191394,0.056780912,0.095652506,2.5303952e-06,0.022785975,0.2077233,1.0
37990000,0.6371277,73.61111111111111,1.2600003,0.09049706,8.24569432106283,8.24569432106283,0.01079672051128,0.07002179,0.095961854,2.5187328e-06,0.022109494,0.20279734,1.0
38000000,0.6330315,63.705882352941174,1.2926772,0.09219257,8.76909226179123,8.76909226179123,0.008180348462808658,0.056114953,0.09843555,2.5070055e-06,0.024805956,0.19611841,1.0
38010000,0.6205162,77.63157894736842,1.2741382,0.100720376,7.62436812802365,7.62436812802365,0.023709041385078115,0.08969103,0.10013826,2.4939886e-06,0.02434946,0.19534305,1.0
38020000,0.63526213,65.0625,1.0904686,0.09261641,7.788137024268508,7.788137024268508,0.007366480953351129,0.0017238051,0.09563153,2.4808744e-06,0.022377335,0.19449852,1.0
38030000,0.62795615,72.3157894736842,1.2711391,0.098520935,8.295642808863992,8.295642808863992,0.010727030813301864,0.07441594,0.10131998,2.4690758e-06,0.022486927,0.20594116,1.0
38040000,0.62426585,69.47058823529412,1.1636996,0.092248455,8.05764638676363,8.05764638676363,0.008402133990517435,0.030412432,0.09699094,2.4573426e-06,0.025291014,0.19834414,1.0
38050000,0.6276087,75.94117647058823,1.0451941,0.092238165,7.262028837905211,7.262028837905211,0.008330116452484885,0.0012694995,0.095496535,2.4443748e-06,0.021747425,0.19618896,1.0
38060000,0.62911,64.0,1.2281026,0.09004157,8.826990188044661,8.826990188044661,0.008529076715657377,0.055556763,0.09537269,2.4313679e-06,0.021200687,0.18585987,1.0
38070000,0.63325244,71.6,1.3756365,0.0999392,8.347321005165577,8.347321005165577,0.010984249645844102,0.062327147,0.09737292,2.4184578e-06,0.022333555,0.21402185,1.0
38080000,0.6342815,67.26666666666667,1.0178069,0.0897899,7.714369074503581,7.714369074503581,0.008432984456885607,0.0010054852,0.091514304,2.4054164e-06,0.023554241,0.2081283,1.0
38090000,0.6278517,75.82352941176471,1.0311179,0.09251005,7.29648694396019,7.29648694396019,0.008512291639550206,0.0009034856,0.08828802,2.3937228e-06,0.02258664,0.21816805,1.0
38100000,0.63950235,63.8235294117647,1.0660703,0.098909095,7.831921938587637,7.831921938587637,0.007401235456414083,0.0013060733,0.09705517,2.3820648e-06,0.023627387,0.19322869,1.0
38110000,0.6510182,79.77777777777777,1.0748241,0.09390576,7.544563121265835,7.544563121265835,0.012191171331020692,0.026745852,0.09587401,2.3691243e-06,0.024369676,0.20618269,1.0
38120000,0.6553272,70.58823529411765,1.0937768,0.09408929,8.017960986670326,8.017960986670326,0.009951416464686832,0.028415704,0.10251327,2.3560904e-06,0.024606045,0.20816621,1.0
38130000,0.6480624,72.26315789473684,1.2511598,0.10001971,8.32455816708113,8.32455816708113,0.015564293248309312,0.061520886,0.08959254,2.3432235e-06,0.025163243,0.21165517,1.0
38140000,0.6511596,63.470588235294116,1.223907,0.092806585,8.829390152412302,8.829390152412302,0.01239649930229301,0.0755038,0.096264645,2.331505e-06,0.024256958,0.21093175,1.0
38150000,0.6481597,74.72222222222223,1.281711,0.09253203,8.237566116783354,8.237566116783354,0.014016883059715232,0.051430088,0.0937895,2.3197208e-06,0.024331128,0.21407442,1.0
38160000,0.65343046,57.411764705882355,1.2560657,0.09803468,8.630182031322928,8.630182031322928,0.007005197920507807,0.030351752,0.09270586,2.306576e-06,0.022585481,0.19319129,1.0
38170000,0.65139544,77.36842105263158,1.234253,0.09218467,7.610743445785422,7.610743445785422,0.010187381921385071,0.026846353,0.10107497,2.2935242e-06,0.024172487,0.23089418,1.0
38180000,0.6564181,70.58823529411765,1.0746402,0.090757854,7.995361438021064,7.995361438021064,0.009910361382935662,0.02892751,0.0958356,2.2805514e-06,0.023617333,0.2171106,1.0
38190000,0.6540852,73.88235294117646,1.2379708,0.10015744,8.280635040667322,8.280635040667322,0.011649510907267945,0.05451161,0.09424214,2.2687123e-06,0.023142021,0.20176421,1.0
38200000,0.65085906,64.05882352941177,1.2375801,0.09067562,8.79531277453198,8.79531277453198,0.012200658209621906,0.05808308,0.10032229,2.2569757e-06,0.024627738,0.20219913,1.0
38210000,0.66992676,76.0,1.0716981,0.09063303,7.261630196781719,7.261630196781719,0.008091478190823075,0.00091483694,0.09445703,2.2439247e-06,0.023104846,0.20649536,1.0
38220000,0.6625304,66.0,1.2966406,0.09530647,8.956497747037146,8.956497747037146,0.009772679943125695,0.062129874,0.09464787,2.2308382e-06,0.025029475,0.21992382,1.0
38230000,0.6657133,72.26315789473684,1.2985635,0.09468546,8.315881452278086,8.315881452278086,0.011974379352882113,0.05793209,0.10165073,2.2178008e-06,0.022710819,0.22903386,1.0
38240000,0.66126966,66.0,1.2162734,0.08961527,8.81168518960476,8.81168518960476,0.008852179540554062,0.06763519,0.09925551,2.2058252e-06,0.022229534,0.22683841,1.0
38250000,0.6365905,70.8,1.3652173,0.100702256,8.312037816643715,8.312037816643715,0.012677722549415193,0.055015445,0.10171582,2.1939704e-06,0.02285774,0.219412,1.0
38260000,0.6172645,58.625,1.2315799,0.09358139,8.597786296159029,8.597786296159029,0.008594505510700401,0.04030333,0.09292761,2.180968e-06,0.023953829,0.18881366,1.0
38270000,0.6155821,81.52941176470588,1.1742581,0.10493208,8.065668351509991,8.065668351509991,0.3120145533124314,0.040389515,0.09442596,2.1681258e-06,0.06090925,0.20381343,1.0
38280000,0.6245194,63.88235294117647,1.1373569,0.108233765,7.84362868175787,7.84362868175787,0.009722516858292854,0.0010133584,0.09460795,2.1563712e-06,0.02172097,0.20356219,1.0
38290000,0.62081534,79.61111111111111,1.1185184,0.09837508,7.538279402587149,7.538279402587149,0.013469486076953925,0.029076824,0.09970544,2.1446535e-06,0.02300091,0.2076292,1.0
38300000,0.6201259,63.88235294117647,1.1186113,0.103372104,7.876050628283444,7.876050628283444,0.0077656263293808,0.0044408855,0.09412128,2.1316594e-06,0.023576984,0.1946617,1.0
38310000,0.6188415,72.42105263157895,1.2765769,0.101072766,8.275927698925921,8.275927698925921,0.014218699401489607,0.05859031,0.09349014,2.118669e-06,0.026021104,0.19615129,1.0
38320000,0.6296921,68.11111111111111,1.1113123,0.09800585,8.031791006817537,8.031791006817537,0.009536647689802683,0.030355852,0.102070786,2.1056348e-06,0.021345068,0.21573958,1.0
38330000,0.6388614,73.16666666666667,1.2530615,0.106239215,8.281795115847336,8.281795115847336,0.011455788246453985,0.087549165,0.09925441,2.0939974e-06,0.025581855,0.21714558,1.0
38340000,0.63193613,1945.3636363636363,1.0136968,0.095803395,5.164280576694574,5.164280576694574,0.6464765389100648,0.016520282,0.09132232,2.0823143e-06,0.025882164,0.21521075,1.0
38350000,0.62336856,77.27777777777777,0.9823769,0.094812155,7.259836195146336,7.259836195146336,0.012135115801356733,0.03807121,0.092821024,2.069392e-06,0.021500448,0.20657721,1.0
38360000,0.6246306,74.16666666666667,1.1318971,0.106610134,7.418428863349714,7.418428863349714,0.010642641769280951,0.0019492755,0.091916926,2.056611e-06,0.022857431,0.19364955,1.0
38370000,0.6295249,70.0,1.0150796,0.09597462,7.762984022498131,7.762984022498131,0.007635823654709384,0.029642865,0.098580346,2.0437085e-06,0.022391975,0.2017535,1.0
38380000,0.6200129,121.63157894736842,1.1629525,0.12489849,6.9384933225094985,6.9384933225094985,0.6833784441987518,0.021676725,0.095271215,2.030784e-06,0.08132565,0.21597596,1.0
38390000,0.6122189,58.125,1.097504,0.108836025,8.588835356757045,8.588835356757045,0.017100872253649868,0.032561336,0.09553282,2.017809e-06,0.023383154,0.20317681,1.0
38400000,0.599671,77.52631578947368,1.1232508,0.099956274,7.508898854255676,7.508898854255676,0.012870771014907708,0.039138675,0.09721683,2.0061307e-06,0.022257514,0.18988347,1.0
38410000,0.5955839,69.76470588235294,1.1853905,0.10498759,8.05673660337925,8.05673660337925,0.010849924628726311,0.036137536,0.09093353,1.994489e-06,0.023082081,0.1977975,1.0
38420000,0.6007319,126.44444444444444,1.117336,0.09767627,7.503384733329692,7.503384733329692,0.046928047512968384,0.07696965,0.09681294,1.981725e-06,0.024296923,0.17937353,1.0
38430000,0.60458153,82.38888888888889,0.9944953,0.09702604,6.580275496571428,6.580275496571428,0.010629775157819191,0.008008935,0.097443834,1.968714e-06,0.021253448,0.18235175,1.0
38440000,0.6168629,72.10526315789474,1.1892998,0.105186686,8.292131130632601,8.292131130632601,0.011378463247398796,0.060009696,0.10237501,1.9556967e-06,0.021078203,0.18939826,1.0
38450000,0.6280825,65.0625,1.041471,0.09719338,7.729367382824421,7.729367382824421,0.007248756584885996,0.0007502021,0.0959291,1.9439424e-06,0.021294363,0.1918411,1.0
38460000,0.6242166,77.15789473684211,1.1287518,0.10502402,7.595525987838444,7.595525987838444,0.010557057844523928,0.00090264075,0.09658674,1.9322629e-06,0.021336067,0.20344803,1.0
38470000,0.6217879,120.15,1.1718681,0.09562422,7.193877498122274,7.193877498122274,0.030598006991203873,0.094748124,0.09809792,1.9192535e-06,0.02506552,0.19975318,1.0
38480000,0.617057,73.0,1.2011476,0.095950685,8.267838295963076,8.267838295963076,0.012754204301422255,0.07016401,0.09998175,1.9062576e-06,0.02308033,0.19759576,1.0
38490000,0.6122794,62.166666666666664,1.3095578,0.10268698,8.81474287311236,8.81474287311236,0.010791758916133808,0.06047664,0.0998201,1.8932458e-06,0.02305628,0.18635833,1.0
38500000,0.6273656,115.33333333333333,1.0973544,0.09464717,7.0282576732671895,7.0282576732671895,0.020212197663365968,0.0016081219,0.09755773,1.8802699e-06,0.023908818,0.20374858,1.0
38510000,0.627747,68.38888888888889,1.2307874,0.11704032,8.041417222883966,8.041417222883966,0.024197252590157505,0.03833145,0.09054347,1.8687601e-06,0.022831757,0.1988309,1.0
38520000,0.625217,64.5625,1.0781127,0.097877786,8.527367090806365,8.527367090806365,0.01422938029281795,0.02922202,0.10087738,1.8572746e-06,0.026057493,0.21364632,1.0
38530000,0.61627626,102.77272727272727,1.2264429,0.09726868,6.849362517172184,6.849362517172184,0.031817208541641856,0.06641665,0.09579967,1.8441812e-06,0.025254348,0.19805515,1.0
38540000,0.6203051,63.8235294117647,1.2042246,0.1148428,7.781652757350137,7.781652757350137,0.03207828250357553,0.01085061,0.095416516,1.8312436e-06,0.027003765,0.18907289,1.0
38550000,0.63532436,79.16666666666667,1.1526135,0.09906663,7.45614408950011,7.45614408950011,0.029934633710783802,0.0966379,0.09576707,1.8183069e-06,0.025339594,0.2069521,1.0
38560000,0.63674253,58.75,1.160963,0.097005755,8.583128944039345,8.583128944039345,0.008354619174497202,0.03542583,0.097151026,1.8065441e-06,0.02342915,0.20559016,1.0
38570000,0.6406993,77.73684210526316,1.197208,0.107344076,7.558839534458361,7.558839534458361,0.04209847788105866,0.03588213,0.090793185,1.7949791e-06,0.027015459,0.20745783,1.0
38580000,0.6450584,63.411764705882355,1.2426165,0.09828685,8.780191544224234,8.780191544224234,0.009996145210393211,0.057855606,0.09868849,1.7821288e-06,0.023862768,0.19608891,1.0
38590000,0.6494027,144.72727272727272,1.1643924,0.10225805,7.031070614302553,7.031070614302553,0.03081577191395419,0.035620824,0.09375979,1.7691236e-06,0.023589145,0.19551602,1.0
38600000,0.65068024,65.25,1.237428,0.096847415,8.766417256172966,8.766417256172966,0.010505512315670358,0.06780481,0.09899838,1.7562379e-06,0.024326073,0.20404454,1.0
38610000,0.6546393,75.38888888888889,1.2687175,0.099438235,8.15813901192612,8.15813901192612,0.03525363865386074,0.048450954,0.0984244,1.7431597e-06,0.026017457,0.22103631,1.0
38620000,0.6692982,98.42105263157895,1.2317001,0.100579314,7.772828308452019,7.772828308452019,0.03861815288760945,0.043685216,0.0886573,1.7313799e-06,0.02363159,0.20967416,1.0
38630000,0.6729556,74.26315789473684,1.3099589,0.09666626,8.464676769156204,8.464676769156204,0.014789611689354243,0.04650995,0.08892061,1.7198615e-06,0.022613687,0.21947889,1.0
38640000,0.68079233,103.29411764705883,1.1179166,0.09117763,7.409594667380374,7.409594667380374,0.019462626530131436,0.02994961,0.10002859,1.706996e-06,0.025366712,0.22783694,1.0
38650000,0.6757994,71.10526315789474,1.1064906,0.10166955,7.0400546083324835,7.0400546083324835,0.0076888142839858405,0.004173505,0.093843326,1.6940324e-06,0.023356006,0.23153958,1.0
38660000,0.6805609,77.17647058823529,1.1012807,0.0942028,7.809422692420947,7.809422692420947,0.02046128289828844,0.038173057,0.097910844,1.6808392e-06,0.022500405,0.24344483,1.0
38670000,0.6921466,82.95,1.2606446,0.09833411,7.955577458441257,7.955577458441257,0.022042997594689952,0.07998207,0.08912207,1.6690722e-06,0.024820339,0.22884613,1.0
38680000,0.70237875,71.23529411764706,1.1518826,0.09917509,7.958503807292265,7.958503807292265,0.00993122233707896,0.055390906,0.1018592,1.6573583e-06,0.022232352,0.24207449,1.0
38690000,0.6857925,74.5,1.2491251,0.09283705,8.211453560325834,8.211453560325834,0.010606817493680865,0.05927497,0.09662569,1.64431e-06,0.021610316,0.2392714,1.0
38700000,0.6864399,64.41176470588235,1.2777742,0.09318293,8.720858794801375,8.720858794801375,0.009042667348266524,0.051517665,0.101036884,1.6312415e-06,0.021922376,0.22583875,1.0
38710000,0.6870483,74.0,1.198921,0.09957715,7.311427353156938,7.311427353156938,0.02006603773528089,0.06902172,0.09612402,1.6183415e-06,0.022566509,0.25623018,1.0
38720000,0.6916077,132.3684210526316,1.3101506,0.09630886,8.448283820583503,8.448283820583503,0.0342895584977477,0.060611516,0.095483646,1.6055037e-06,0.33044708,0.2489967,1.0
38730000,0.70215416,74.66666666666667,1.2588853,0.09917763,8.228781869014105,8.228781869014105,0.01253333744696445,0.06865315,0.0971502,1.5939221e-06,0.022373859,0.22483534,1.0
38740000,0.69987315,64.58823529411765,1.2896123,0.094930865,8.765254090814029,8.765254090814029,0.011268944890402696,0.052123867,0.09803376,1.582328e-06,0.023821056,0.24447814,1.0
38750000,0.7052082,119.0952380952381,1.3373967,0.102105856,7.955003464379414,7.955003464379414,0.27752605334389957,0.05417375,0.10140614,1.5693429e-06,0.022405216,0.24854684,1.0
38760000,0.6920357,78.89473684210526,1.4438577,0.09425539,9.058280525356531,9.058280525356531,0.016914795798948036,0.08016371,0.09663695,1.5563326e-06,0.022092408,0.23761103,1.0
38770000,0.71264577,55.73684210526316,1.218478,0.09452256,7.2291897817661885,7.2291897817661885,0.010366195696406066,0.065125115,0.09626943,1.5434001e-06,0.022964144,0.23444971,1.0
38780000,0.7253308,94.95,1.0903472,0.09400836,5.9953645805828275,5.9953645805828275,0.015582027402706445,0.0028341145,0.09771181,1.5304331e-06,0.02276652,0.24605136,1.0
38790000,0.7099578,67.63636363636364,1.1200464,0.09831099,6.123318957672878,6.123318957672878,0.019910729253007794,0.074805565,0.09679853,1.51874e-06,0.025096722,0.2622423,1.0
38800000,0.7119669,74.65,1.186593,0.096324265,7.149422078579664,7.149422078579664,0.010790165176149457,0.029253703,0.09709976,1.5071575e-06,0.022811621,0.24586709,1.0
38810000,0.70293736,87.94444444444444,1.1478298,0.090052314,7.620092992670806,7.620092992670806,0.019147162286875147,0.058497567,0.09529166,1.4943432e-06,0.023755942,0.24325538,1.0
38820000,0.6965622,62.31578947368421,1.4217615,0.10251484,9.77521804759377,9.77521804759377,0.01563359061746221,0.09033199,0.0943447,1.4812397e-06,0.027211081,0.2247909,1.0
38830000,0.70401794,69.94117647058823,1.1736287,0.093017094,7.996317519861109,7.996317519861109,0.0108401824870859,0.028739396,0.09681822,1.4681589e-06,0.021922182,0.24285229,1.0
38840000,0.70980495,74.11111111111111,1.0738617,0.09329195,7.225195842630723,7.225195842630723,0.008947884300997591,0.0011760648,0.09931737,1.4553801e-06,0.024070727,0.25624353,1.0
38850000,0.7009104,65.05882352941177,1.3648971,0.09738463,9.586299475696352,9.586299475696352,0.02078626413519184,0.11518371,0.089930974,1.4438194e-06,0.02418045,0.21284588,1.0
38860000,0.7020302,70.11764705882354,1.1299313,0.08975004,7.955422965809703,7.955422965809703,0.010721684855525382,0.028128147,0.09453747,1.4321524e-06,0.023626635,0.25093207,1.0
38870000,0.69896334,67.58823529411765,1.3444366,0.095548265,8.975314850608507,8.975314850608507,0.008672289550304413,0.062296696,0.09330388,1.4192458e-06,0.021324595,0.24086788,1.0
38880000,0.6899224,76.78947368421052,1.3430996,0.10100741,8.442668266986546,8.442668266986546,0.02726219384931028,0.12709716,0.09432058,1.4063733e-06,0.024708714,0.24892533,1.0
38890000,0.68081623,71.33333333333333,1.335911,0.0921648,9.106167179014948,9.106167179014948,0.019754562113020156,0.0932254,0.08872396,1.3934022e-06,0.025629986,0.22601561,1.0
38900000,0.67145807,157.82608695652175,1.2241044,0.09281054,6.450878305016721,6.450878305016721,0.04988269622183659,0.059220515,0.091410615,1.380468e-06,0.025953442,0.22704431,1.0
38910000,0.67327785,75.94736842105263,1.3180753,0.10200879,7.6541454419493675,7.6541454419493675,0.020193659386131914,0.07951447,0.0983389,1.3689024e-06,0.026410138,0.21305212,1.0
38920000,0.67994523,63.705882352941174,1.2729167,0.09699652,8.769511850441203,8.769511850441203,0.01015274622477591,0.053783037,0.0967566,1.3572443e-06,0.024270507,0.21265256,1.0
38930000,0.67689633,73.52631578947368,1.3572025,0.100233085,8.290254089393114,8.290254089393114,0.010612338726212712,0.05351614,0.09184426,1.3442632e-06,0.020307649,0.22287843,1.0
38940000,0.6804477,62.625,1.1869744,0.09157498,8.77126027457416,8.77126027457416,0.007349120482103899,0.040665265,0.10239325,1.3313577e-06,0.021596411,0.21630636,1.0
38950000,0.6736647,71.77777777777777,1.3583367,0.09287039,9.12316688315736,9.12316688315736,0.014044350621083545,0.095288634,0.10004779,1.3183442e-06,0.02498387,0.22087117,1.0
38960000,0.6782657,74.44444444444444,1.2801535,0.09353515,8.250207925836245,8.250207925836245,0.013581633820043256,0.058693927,0.09510793,1.305318e-06,0.025789488,0.22438066,1.0
38970000,0.6786345,63.388888888888886,1.3539748,0.10052074,8.77181681825055,8.77181681825055,0.010345444755835665,0.06725812,0.100726865,1.2936732e-06,0.024530921,0.22780424,1.0
38980000,0.68301815,77.77777777777777,1.272512,0.09230643,8.425499642888704,8.425499642888704,0.01277994482855623,0.028848311,0.09833236,1.2819114e-06,0.021873103,0.24251178,1.0
38990000,0.6752055,65.0,1.3056675,0.09245433,8.77575367513825,8.77575367513825,0.01561919295722071,0.089239545,0.092676766,1.2690697e-06,0.023942707,0.22890869,1.0
39000000,0.672315,73.05263157894737,1.3479868,0.09971961,8.832060671514935,8.832060671514935,0.008560352072688855,0.05060775,0.09443365,1.2562826e-06,0.022365231,0.23785987,1.0
39010000,0.6825894,65.0625,1.1193709,0.09281265,7.244881622931537,7.244881622931537,0.009796187617158628,0.002645521,0.09505765,1.243249e-06,0.024454575,0.22579679,1.0
39020000,0.679587,64.47058823529412,1.2382412,0.09627732,8.791265798842206,8.791265798842206,0.00767255766550079,0.06863136,0.09434429,1.2314341e-06,0.02145448,0.20888174,1.0
39030000,0.6813527,73.66666666666667,1.0825554,0.0920507,7.236703273128061,7.236703273128061,0.009734478984575938,0.0013392192,0.09128003,1.219707e-06,0.02175055,0.2494388,1.0
39040000,0.67981726,63.8235294117647,1.3285464,0.09482244,8.809495035145018,8.809495035145018,0.0075086768677768605,0.050991327,0.102054454,1.2065404e-06,0.020439748,0.22258404,1.0
39050000,0.69001377,80.27777777777777,1.2020965,0.10250735,8.19595747689406,8.19595747689406,0.04008156443402792,0.05943812,0.09584097,1.1934195e-06,0.026050463,0.22364464,1.0
39060000,0.687826,64.58823529411765,1.2496054,0.091859415,8.74296672729885,8.74296672729885,0.01389366777285057,0.067731,0.096001685,1.1814833e-06,0.022865692,0.20347801,1.0
39070000,0.6928403,68.27777777777777,1.2377894,0.09934804,8.028971910476685,8.028971910476685,0.009079748001467023,0.030326948,0.104952015,1.1696881e-06,0.022906762,0.23262437,1.0
39080000,0.6947095,68.44444444444444,1.2322234,0.0946562,8.06053640279505,8.06053640279505,0.008698337789004048,0.024975328,0.10432704,1.1568558e-06,0.02246161,0.225305,1.0
39090000,0.6951767,80.16666666666667,1.1007832,0.090473294,7.451898446854423,7.451898446854423,0.011385219870135188,0.029319186,0.10242589,1.1439049e-06,0.025060002,0.24168,1.0
39100000,0.700106,59.0625,1.2532699,0.11119714,8.301224771667929,8.301224771667929,0.553207335753969,0.062185466,0.09891085,1.1307961e-06,0.06518232,0.24153614,1.0
39110000,0.6976961,343.4761904761905,1.2990258,0.10894907,7.45637154334933,7.45637154334933,0.12413424373205219,0.041259907,0.09039139,1.1189694e-06,0.024918245,0.25490218,1.0
39120000,0.6992072,79.57894736842105,1.1356874,0.09475364,7.620961824530049,7.620961824530049,0.03443472361878345,0.00962259,0.09590145,1.1072977e-06,0.026699115,0.24201712,1.0
39130000,0.70088005,63.8235294117647,1.1081188,0.1005511,7.847142912009183,7.847142912009183,0.008128324153778307,0.031719826,0.0970731,1.0943671e-06,0.022038871,0.24186099,1.0
39140000,0.6954875,79.77777777777777,1.044103,0.091748714,7.446391366860446,7.446391366860446,0.012940238312105922,0.028272742,0.09584218,1.0813197e-06,0.022800107,0.24181882,1.0
39150000,0.68966776,58.11764705882353,1.2509134,0.10281137,8.644316158360905,8.644316158360905,0.007222809007443074,0.03171904,0.096103676,1.0684613e-06,0.022164054,0.22998814,1.0
39160000,0.68361676,80.44444444444444,1.1320595,0.09330254,7.491275654898749,7.491275654898749,0.011375902847956039,0.029161597,0.08378541,1.0557237e-06,0.020998288,0.22571531,1.0
39170000,0.6886023,70.3529411764706,1.1289452,0.0906531,8.06431251413682,8.06431251413682,0.008154262644786607,0.02750733,0.09782443,1.042876e-06,0.023724753,0.22339372,1.0
39180000,0.6830123,74.38888888888889,1.1621386,0.08685958,8.228322362198549,8.228322362198549,0.01234792945358683,0.070720345,0.105465524,1.0311675e-06,0.021997694,0.21995789,1.0
39190000,0.68173355,60.833333333333336,1.4349096,0.10058682,9.676355136068244,9.676355136068244,0.018125192329630647,0.058865555,0.10005865,1.0196198e-06,0.02341125,0.23403445,1.0
39200000,0.67451674,189.0,1.3377876,0.09064543,8.296925012731966,8.296925012731966,0.045933279406744985,0.081216134,0.10013975,1.0067043e-06,0.023871824,0.22313872,1.0
39210000,0.6817621,62.77777777777778,1.2218635,0.08843657,7.8658212671677274,7.8658212671677274,0.020660263990672927,0.085859835,0.09621239,9.935741e-07,0.027926054,0.2322336,1.0
39220000,0.6789765,67.05263157894737,1.2886392,0.09419092,8.080053826173147,8.080053826173147,0.011652957065962255,0.055517755,0.09961705,9.806708e-07,0.024428628,0.21126017,1.0
39230000,0.68366027,66.0,1.2725481,0.096678786,8.796217049745952,8.796217049745952,0.009644609560970874,0.032941952,0.1008336,9.689455e-07,0.023103774,0.21022035,1.0
39240000,0.6783591,117.14285714285714,1.2184272,0.09482724,6.914875835261357,6.914875835261357,0.023245057368296244,0.029449394,0.09349198,9.571282e-07,0.022353379,0.22158888,1.0
39250000,0.6756262,76.05263157894737,1.3313463,0.099547215,8.540438120777157,8.540438120777157,0.016600480321549663,0.057210527,0.10507069,9.4405385e-07,0.022297207,0.22956471,1.0
39260000,0.68006986,76.17647058823529,1.2087754,0.08871653,8.189893787398058,8.189893787398058,0.012173823738361107,0.06642965,0.09912206,9.3096594e-07,0.022559244,0.21392187,1.0
39270000,0.6811278,84.10526315789474,1.3317716,0.0968431,8.513278848540626,8.513278848540626,0.013519099705215348,0.031201418,0.095380224,9.17971e-07,0.021952447,0.2101666,1.0
39280000,0.6774352,90.89473684210526,1.3004857,0.09131043,7.941971377494108,7.941971377494108,0.019780704089881557,0.07280375,0.096535444,9.063413e-07,0.025098654,0.21475685,1.0
39290000,0.67781836,70.41176470588235,1.2221553,0.09561444,8.011259483940462,8.011259483940462,0.023883914677700138,0.067600176,0.098578796,8.9460184e-07,0.026539724,0.21731105,1.0
39300000,0.6749017,74.27777777777777,1.2678144,0.09314195,8.267239919139278,8.267239919139278,0.014176317361286946,0.08652911,0.09396454,8.8164444e-07,0.02662321,0.21869445,1.0
39310000,0.6762116,63.64705882352941,1.2452719,0.09445349,8.790794523323283,8.790794523323283,0.010314319679951844,0.06366762,0.09871664,8.6857546e-07,0.025106687,0.21423218,1.0
39320000,0.6643541,68.5,1.2861116,0.10117172,8.071104375852478,8.071104375852478,0.010223461787164625,0.056182586,0.0955051,8.556246e-07,0.025916297,0.22875038,1.0
39330000,0.68064827,68.94444444444444,1.2855262,0.096815504,8.097404344214333,8.097404344214333,0.020202455214328237,0.07798235,0.0983802,8.4397266e-07,0.02614199,0.23384905,1.0
39340000,0.6769617,146.05,1.1808807,0.08924282,6.741168478131295,6.741168478131295,0.08889971534954384,0.058219083,0.09661998,8.322131e-07,0.024525048,0.21463454,1.0
39350000,0.67292494,61.13636363636363,1.3620943,0.101041645,7.575759095647796,7.575759095647796,0.008765773678450469,0.058453463,0.095805846,8.1922474e-07,0.023659416,0.23263974,1.0
39360000,0.67918825,75.94117647058823,1.1012756,0.09486959,7.258798125912161,7.258798125912161,0.009199352602830486,0.0028270823,0.0941857,8.064164e-07,0.022669751,0.22402771,1.0
39370000,0.6759352,65.6875,1.2106379,0.09226164,8.765026086941361,8.765026086941361,0.010657002436346374,0.058919806,0.09636193,7.93643e-07,0.023574686,0.19852301,1.0
39380000,0.67109567,75.4,1.262439,0.09306353,8.457649844257455,8.457649844257455,0.012402006455599085,0.08355095,0.09938174,7.805198e-07,0.023055619,0.2073921,1.0
39390000,0.66950464,64.05882352941177,1.3368952,0.10009422,8.850102115008566,8.850102115008566,0.007381611186752303,0.035211504,0.100327,7.688061e-07,0.022524925,0.22761402,1.0
39400000,0.6715887,74.44444444444444,1.2794164,0.09283252,8.24001962112056,8.24001962112056,0.011867599943394048,0.05334731,0.09948678,7.5705304e-07,0.022483906,0.22590566,1.0
39410000,0.6711755,61.31578947368421,1.3311753,0.09851729,8.825215384364128,8.825215384364128,0.009422092375138568,0.078751355,0.094973944,7.43921e-07,0.022327846,0.21270783,1.0
39420000,0.6695171,68.0625,1.299467,0.09269463,8.9908445372301,8.9908445372301,0.011390302357647349,0.08625694,0.09584479,7.3088603e-07,0.024959553,0.21149035,1.0
39430000,0.68172896,69.3529411764706,1.2075024,0.094717555,8.014834986013526,8.014834986013526,0.02125144378378001,0.06650364,0.10126872,7.1799184e-07,0.02413008,0.21535587,1.0
39440000,0.6915042,75.8,1.2994624,0.10113357,7.658870004862547,7.658870004862547,0.00970631359377876,0.002332551,0.095306985,7.0639504e-07,0.022469085,0.20731747,1.0
39450000,0.6748848,73.41176470588235,1.2718633,0.090447105,9.819480303674936,9.819480303674936,0.015828094168682583,0.111415826,0.094520405,6.946584e-07,0.02434324,0.20911321,1.0
39460000,0.67831105,64.17647058823529,1.2726787,0.0920732,8.247132769889301,8.247132769889301,0.01059031914660914,0.054775856,0.099479415,6.814363e-07,0.022388218,0.21568534,1.0
39470000,0.67610836,63.166666666666664,1.3306551,0.09642792,8.808340713381767,8.808340713381767,0.023880537741610572,0.052331984,0.09882094,6.6839556e-07,0.027009511,0.222,1.0
39480000,0.67489445,71.94736842105263,1.3320584,0.09369401,8.298607857603775,8.298607857603775,0.013813961622011112,0.05707524,0.10006078,6.5560374e-07,0.021677459,0.21898755,1.0
39490000,0.67377466,302.0,1.1421276,0.088967614,7.750591390314238,7.750591390314238,0.06089064031017616,0.043343425,0.09992099,6.4383926e-07,0.02216864,0.21803072,1.0
39500000,0.6701631,70.83333333333333,1.1392349,0.08799949,5.907789171983798,5.907789171983798,0.011705730762817742,0.035168964,0.09670479,6.319598e-07,0.023899097,0.21688798,1.0
39510000,0.6614156,60.421052631578945,1.3368485,0.09748871,8.305427916740117,8.305427916740117,0.008828119883362791,0.058071814,0.09051517,6.187794e-07,0.02544111,0.21961112,1.0
39520000,0.6589458,79.55555555555556,1.2451308,0.09162812,7.528046940763791,7.528046940763791,0.02294391866760432,0.080841206,0.10020663,6.0586075e-07,0.023345996,0.21295735,1.0
39530000,0.66694266,63.05555555555556,1.3216566,0.0998344,8.804529445038902,8.804529445038902,0.008468848077528592,0.052530397,0.10112164,5.929367e-07,0.023947995,0.21142717,1.0
39540000,0.66611975,73.61111111111111,1.2537903,0.092642345,8.24504096309344,8.24504096309344,0.015354387759644952,0.037662912,0.09395674,5.8130667e-07,0.022302799,0.21676965,1.0
39550000,0.6677363,63.388888888888886,1.3553061,0.0964086,8.819734008775818,8.819734008775818,0.008931110516035309,0.07994385,0.09459512,5.697488e-07,0.022101888,0.22039402,1.0
39560000,0.6774764,73.55555555555556,1.1793476,0.0928793,7.348080522484249,7.348080522484249,0.007954249365462197,0.0024897612,0.10137719,5.568343e-07,0.019932317,0.21471147,1.0
39570000,0.6647617,65.55555555555556,1.2971133,0.0961684,8.93997241059939,8.93997241059939,0.00950394516176958,0.030402968,0.097459964,5.4380405e-07,0.020815251,0.20926838,1.0
39580000,0.66461086,193.7058823529412,1.1211069,0.08852147,7.274516064194258,7.274516064194258,0.03743437481770182,0.07290436,0.09546134,5.3069766e-07,0.023509,0.21105254,1.0
39590000,0.668663,70.3529411764706,1.1839219,0.09067493,8.038071755100699,8.038071755100699,0.011241331573247033,0.0362185,0.091507405,5.188367e-07,0.021690937,0.19745985,1.0
39600000,0.6638637,92.86363636363636,1.2838535,0.096346274,7.480071866031556,7.480071866031556,0.01821791419140275,0.07472658,0.095559984,5.0729636e-07,0.023077026,0.21971929,1.0
39610000,0.6608725,63.23529411764706,1.2413805,0.09197148,8.769446485182819,8.769446485182819,0.009569591205731472,0.059090436,0.09565084,4.9426137e-07,0.024386812,0.21024284,1.0
39620000,0.66360074,70.0,1.1868646,0.09311681,7.983176432988223,7.983176432988223,0.009705073179622345,0.02890313,0.096307054,4.8106676e-07,0.023404459,0.21726517,1.0
39630000,0.66167337,68.77777777777777,1.2248749,0.099969715,8.065646087129911,8.065646087129911,0.009346395928231586,0.035075687,0.099300854,4.6811888e-07,0.024732362,0.2107178,1.0
39640000,0.65491325,69.15789473684211,1.3822885,0.0945972,9.170456054963564,9.170456054963564,0.012781607998093884,0.088705674,0.09945681,4.5531402e-07,0.02453223,0.207985,1.0
39650000,0.6544576,73.84210526315789,1.4100077,0.11579918,8.880000870478781,8.880000870478781,1.1955582786621035,0.14216089,0.09962109,4.4361582e-07,0.101397716,0.2032595,1.0
39660000,0.6641164,62.214285714285715,1.0715944,0.09438302,8.583696380257607,8.583696380257607,0.014193308157181101,0.055210013,0.09591461,4.319258e-07,0.070453,0.2039021,1.0
39670000,0.66216195,78.6842105263158,1.2519835,0.10882854,7.5767536555465895,7.5767536555465895,0.012442740948723727,0.028530676,0.09214701,4.1906614e-07,0.023042908,0.21360418,1.0
39680000,0.6595997,57.23529411764706,1.2317854,0.10290148,8.617337316274643,8.617337316274643,0.007653842728091951,0.03382934,0.08914578,4.0610402e-07,0.023556674,0.20685212,1.0
39690000,0.6569291,79.05555555555556,1.2021425,0.10198273,8.231795244746738,8.231795244746738,0.016971389995887876,0.06302215,0.09352931,3.930166e-07,0.02615645,0.19986168,1.0
39700000,0.6594779,64.6470588235294,1.2533681,0.09623246,8.822319900288301,8.822319900288301,0.011453748475212385,0.07128902,0.09662078,3.81221e-07,0.023344012,0.213294,1.0
39710000,0.6582506,74.66666666666667,1.27756,0.09561818,8.218569839994112,8.218569839994112,0.01111993104374657,0.0572047,0.087316975,3.6942933e-07,0.023783572,0.19832733,1.0
39720000,0.65376025,63.44444444444444,1.4160953,0.10292553,9.664789623684353,9.664789623684353,0.027890493989818625,0.074309856,0.09467713,3.5633957e-07,0.023629418,0.22819722,1.0
39730000,0.6572893,71.22222222222223,1.3892204,0.10239703,9.063301556640202,9.063301556640202,0.06272624808803408,0.06620432,0.09339778,3.4327007e-07,0.027131325,0.21588445,1.0
39740000,0.6578045,71.05555555555556,1.3524876,0.092317276,9.161583738194572,9.161583738194572,0.01170640166512587,0.09500407,0.09736215,3.313894e-07,0.022208355,0.21308167,1.0
39750000,0.6569571,63.05555555555556,1.3353136,0.09845604,8.828937659660975,8.828937659660975,0.008758074565169712,0.05584836,0.102420844,3.195874e-07,0.02372793,0.21576592,1.0
39760000,0.6591715,75.0,1.2923827,0.09220664,8.259321686294344,8.259321686294344,0.012788790918421,0.0535099,0.10125221,3.067289e-07,0.023771593,0.20701559,1.0
39770000,0.66476524,62.611111111111114,1.3353833,0.0979048,8.814820561144087,8.814820561144087,0.008814168628305197,0.05782808,0.09768921,2.9381977e-07,0.022794064,0.21946768,1.0
39780000,0.6596634,80.33333333333333,1.2312206,0.09264581,7.528715249564913,7.528715249564913,0.011116335246091088,0.026022349,0.09936001,2.809315e-07,0.022256855,0.21433958,1.0
39790000,0.65719855,65.625,1.2107129,0.08873532,8.807218361645937,8.807218361645937,0.009080314041057136,0.035568643,0.102203816,2.6918462e-07,0.022615451,0.24002375,1.0
39800000,0.66468346,72.42105263157895,1.2546072,0.09191295,8.260701224207878,8.260701224207878,0.011077811136298502,0.0860708,0.097291574,2.5727502e-07,0.024761323,0.20805793,1.0
39810000,0.6626672,62.27777777777778,1.4171468,0.10144169,8.841900849028638,8.841900849028638,0.008327671577908882,0.05571016,0.096931174,2.4434385e-07,0.021484965,0.22030926,1.0
39820000,0.66104215,69.47058823529412,1.2018923,0.09115109,8.051980106269612,8.051980106269612,0.009005196419928004,0.030891916,0.09879331,2.3142756e-07,0.022521894,0.20851271,1.0
39830000,0.6650879,63.76470588235294,1.1851532,0.0966727,7.88387570661657,7.88387570661657,0.005673564812990234,0.0016428946,0.09755126,2.1843974e-07,0.022378687,0.2062176,1.0
39840000,0.6626704,83.10526315789474,1.2663158,0.09085248,7.764401605254726,7.764401605254726,0.010964368617064074,0.05654893,0.10022519,2.0542271e-07,0.021657322,0.20564365,1.0
39850000,0.6601737,65.0625,1.1490841,0.09100733,7.787657158449292,7.787657158449292,0.020742324311868288,0.07898374,0.10416673,1.9386016e-07,0.022856606,0.20131455,1.0
39860000,0.6608002,71.94736842105263,1.3041252,0.09549681,8.315027407909694,8.315027407909694,0.009495564258510345,0.059349906,0.093044035,1.8227647e-07,0.021622397,0.21709497,1.0
39870000,0.6571334,410.04761904761904,1.1889228,0.08571672,7.048519216536273,7.048519216536273,0.15361280289168158,0.064583555,0.09605637,1.6945316e-07,0.022258326,0.20169398,1.0
39880000,0.6582287,70.16666666666667,1.3249531,0.08951041,9.142610982060432,9.142610982060432,0.015424698752920248,0.08587627,0.10071991,1.564552e-07,0.025935974,0.21231326,1.0
39890000,0.6653742,68.33333333333333,1.2370532,0.09810815,8.091355722811487,8.091355722811487,0.010533490683883429,0.030137125,0.09625403,1.4335589e-07,0.022758177,0.20871826,1.0
39900000,0.6632331,111.95,1.2559146,0.09021012,7.313551812550941,7.313551812550941,0.03122528658423107,0.035755105,0.0942491,1.3166134e-07,0.021271959,0.19892173,1.0
39910000,0.66767967,67.85,1.1374643,0.08746858,6.830649568140506,6.830649568140506,0.008807245818024967,0.05757163,0.09528138,1.1999391e-07,0.020944802,0.19915125,1.0
39920000,0.66751087,79.83333333333333,1.1761112,0.09087408,7.516235325071547,7.516235325071547,0.01220851958108445,0.033286564,0.09782731,1.0716046e-07,0.022356987,0.20811364,1.0
39930000,0.6709043,65.3125,1.1392673,0.106086336,7.7211310882121325,7.7211310882121325,0.18044450991874328,0.0074119256,0.095567614,9.402005e-08,0.045943864,0.22568321,1.0
39940000,0.6591634,72.10526315789474,1.2851466,0.098230004,8.333744867851859,8.333744867851859,0.014053046041609426,0.08831753,0.09554194,8.058102e-08,0.025157964,0.20606832,1.0
39950000,0.6592765,64.58823529411765,1.27183,0.093135275,8.804081269923378,8.804081269923378,0.008236574310371104,0.03948822,0.10094573,6.89097e-08,0.02162441,0.21473777,1.0
39960000,0.6640662,78.21052631578948,1.2605861,0.09902106,7.624068758989635,7.624068758989635,0.011845967033877969,0.063248694,0.09570812,5.7067627e-08,0.023826769,0.2104218,1.0
39970000,0.6624644,65.70588235294117,1.2585127,0.09217802,8.818845266804976,8.818845266804976,0.009213141151977813,0.05596776,0.09345856,4.4257416e-08,0.020368896,0.22382447,1.0
39980000,0.6597572,75.16666666666667,1.2744529,0.0926681,8.253344615300497,8.253344615300497,0.013277636045434823,0.060208846,0.092752114,3.1315487e-08,0.023384977,0.20149939,1.0
39990000,0.6640945,177.21052631578948,1.2059474,0.09523265,7.565162055754881,7.565162055754881,0.0817044458388792,0.031678654,0.097016364,1.8450445e-08,0.026357567,0.19395891,1.0
40000000,0.6614949,72.42105263157895,1.307366,0.09712494,8.27990631837594,8.27990631837594,0.009878435515259442,0.055380814,0.094811335,5.4471223e-09,0.021265928,0.21208835,1.0
